lm_3d, 468
105.089  150  -5.98622  
104.947  138.077  -31.7182  
105.114  139.596  -11.8474  
99.1383  117.725  -31.4875  
104.886  133.413  -36.0855  
104.949  125.164  -36.7393  
105.16  101.767  -29.4141  
57.5357  91.8191  -4.67562  
105.19  85.2313  -32.0158  
105.034  77.7181  -37.4423  
104.771  44.2021  -46.434  
105.145  151.504  -3.93126  
105.24  152.873  -0.943206  
105.395  153.763  4.06589  
105.498  154.581  4.62039  
105.508  157.05  6.20968  
105.532  159.786  6.32237  
105.671  162.166  8.93177  
106.19  163.736  17.371  
105.071  139.376  -27.2774  
98.1076  137.599  -17.9279  
32.9486  60.4708  12.6899  
77.9779  97.2258  -9.66281  
71.3646  97.6978  -8.84726  
64.6344  97.4624  -7.10384  
55.3577  92.8431  -2.55436  
83.1533  96.2814  -9.51137  
65.0986  82.5174  -17.0888  
73.0161  83.3727  -17.5555  
58.223  83.0666  -14.3789  
54.1061  84.6408  -11.1629  
50.5102  95.6263  2.17016  
83.7028  165.756  30.2017  
54.7818  89.5915  -3.18115  
33.2418  84.6182  28.6122  
42.757  89.9063  6.45061  
72.0056  122.875  -3.0317  
96.6579  148.527  -5.38489  
97.8244  152.149  0.0399706  
89.6207  148.924  -0.791996  
85.1509  149.255  4.86084  
91.8979  151.48  2.6421  
87.5643  150.958  7.4495  
76.6082  152.953  20.6071  
99.3684  137.61  -31.1864  
98.2112  133.028  -35.2925  
44.4349  79.3333  -12.973  
85.1569  109.373  -11.4172  
83.309  130.788  -15.587  
83.0482  127.084  -14.8012  
53.4789  119.029  4.64698  
98.5858  125.255  -34.5791  
58.914  76.8003  -26.5811  
49.977  77.1727  -20.7908  
37.1387  53.6916  -5.00608  
89.5423  83.7821  -30.4814  
80.0052  85.8264  -15.1169  
71.6108  148.698  19.4792  
46.621  128.095  76.3901  
88.3335  133.965  -12.0466  
93.7037  136.109  -11.2584  
78.9312  149.765  18.2251  
80.6102  150.174  16.2171  
46.397  72.6595  -19.8125  
83.3372  131.722  -10.8663  
71.7374  78.5525  -30.0988  
70.2523  73.9934  -33.8305  
62.5211  45.6713  -35.9771  
42.1174  63.3324  -13.9184  
67.3841  60.1427  -35.564  
40.7329  75.2705  -9.16176  
37.0501  68.2707  0.54892  
97.0878  150.55  -3.37648  
90.6722  150.269  0.834004  
86.2526  150.119  5.73875  
89.8065  134.689  -10.1672  
79.7943  150  17.099  
82.6976  151.972  14.5564  
81.4336  150.336  16.0427  
91.6705  134.644  -22.0629  
88.5742  151.534  9.6675  
92.9686  152.268  6.88613  
98.5879  153.154  4.76847  
97.4601  163.25  17.6476  
97.2277  161.44  9.10445  
97.3953  158.994  6.76277  
97.9753  156.29  6.71432  
98.7768  153.991  5.28823  
88.7269  152.039  10.0659  
87.3748  152.983  10.7323  
85.9303  154.173  10.9574  
84.85  155.328  12.902  
78.1031  143.021  4.34286  
37.8825  101.376  69.9603  
105.126  139.464  -17.5296  
85.4153  151.252  13.4339  
84.0159  151.624  13.9687  
96.1865  138.312  -9.90263  
85.5974  134.029  -4.51296  
94.992  137.281  -10.9184  
78.8162  111.472  -7.24014  
68.1394  114.626  -3.54754  
82.2537  128.304  -10.0323  
46.3306  48.6263  -21.7228  
51.6864  60.2911  -25.616  
56.3222  71.9139  -28.0417  
82.1536  156.799  19.3784  
87.0122  76.6959  -36.5339  
84.6006  60.8674  -40.9314  
81.4186  44.3353  -44.0153  
58.7818  95.7425  -4.59831  
43.9051  98.4413  7.49867  
86.1737  95.3817  -9.39756  
48.2493  85.5104  -5.70685  
89.5443  107.019  -15.3682  
87.2123  131.099  -23.039  
38.203  99.7924  16.9027  
48.4085  104.014  3.91437  
56.7846  107.779  -1.08018  
69.6099  107.693  -4.24399  
78.7678  105.716  -6.76881  
84.9796  103.966  -9.97196  
98.4947  102.503  -26.3493  
40.4169  111.562  21.2612  
43.088  83.7152  -3.68496  
101.557  139.097  -26.8984  
85.5624  116.21  -11.097  
32.7919  78.5774  49.9883  
89.7265  102.181  -12.6538  
81.9548  127.073  -3.41956  
52.2862  89.0926  -1.80074  
86.9742  126.508  -22.116  
41.6869  114.177  74.7882  
85.4884  93.4634  -9.12045  
92.5422  125.565  -29.7988  
58.6561  148.869  47.5617  
60.3758  150.36  63.6683  
36.7975  106.947  45.058  
50.9183  140.216  51.7948  
34.8152  75.3695  15.7935  
83.5254  168.192  37.38  
102.222  139.165  -17.1044  
80.0071  119.021  -6.54147  
37.888  89.0139  13.0511  
64.9636  94.5732  -7.87272  
71.0453  94.8572  -9.42045  
81.5032  152.327  16.0778  
43.0372  121.41  29.8602  
94.961  173.361  44.2917  
77.506  164.174  52.4264  
69.7477  158.514  57.2235  
104.886  61.2823  -42.5924  
107.502  174.695  42.8044  
76.5588  94.2433  -10.0574  
81.6042  93.5552  -9.64422  
84.4929  93.4532  -8.8962  
38.8391  80.6622  2.01664  
79.3799  89.1987  -12.8334  
73.2704  87.3223  -14.2301  
67.006  86.9843  -13.7504  
61.3016  87.5535  -11.6707  
57.9643  88.5267  -9.09072  
31.7508  68.2949  32.0434  
60.682  93.4171  -6.11349  
105.164  142.607  -8.4542  
83.8441  141.487  -0.834923  
88.32  133.813  -15.2962  
95.6812  142.242  -7.39872  
105.277  92.3282  -28.5094  
67.1802  156.319  45.2782  
75.116  162.108  41.9865  
93.9252  173.065  33.198  
52.9108  140.554  71.2009  
83.5119  91.9059  -10.8011  
93.9131  112.118  -23.6463  
107.073  174.368  32.134  
85.5633  169.502  47.3571  
40.1951  118.166  51.0006  
93.1919  153.033  7.32981  
91.9059  154.719  8.33735  
90.8378  156.773  8.51944  
90.2014  158.937  10.6019  
88.9222  160.521  17.7702  
84.0641  150.533  11.8334  
82.768  150.005  11.6746  
81.7509  149.454  11.2772  
73.8723  145.508  11.059  
50.394  127.876  18.0792  
94.0265  104.523  -20.5467  
90.1876  90.7283  -15.6569  
86.048  90.4809  -12.9042  
85.2736  151  13.1871  
51.5285  137.255  35.1421  
96.1116  92.3349  -23.8014  
85.9226  162.931  24.3538  
105.036  117.398  -34.0259  
98.7125  110.62  -29.9006  
105.099  109.994  -31.7666  
89.0993  120.314  -19.1499  
106.692  171.781  25.5366  
106.396  167.561  21.7858  
95.7689  166.729  22.9181  
71.2132  153.206  25.975  
76.6371  130.388  0.119434  
77.9442  158.331  25.863  
62.3352  128.119  3.11226  
71.1461  135.1  4.29457  
58.1855  134.533  12.8719  
94.1741  170.622  26.8341  
85.439  121.556  -12.6907  
67.1979  154.311  34.5994  
75.3453  160.064  33.9305  
65.7213  147.534  22.9606  
45.8049  129.314  37.4003  
58.8674  145.319  29.6118  
44.3097  128.933  54.9591  
67.0986  140.503  11.0289  
89.7083  114.044  -16.9773  
89.4998  133.876  -23.8446  
85.3819  132.984  -15.5924  
92.3626  132.119  -29.6054  
84.2763  85.7833  -19.804  
72.6745  81.9271  -21.8486  
62.6384  80.7759  -20.8753  
54.8273  81.1204  -17.3924  
50.0485  82.634  -12.632  
48.3181  89.6341  1.16159  
34.2674  95.7909  37.1899  
54.2933  98.9698  0.0163521  
61.2587  101.709  -3.30805  
70.3988  102.066  -5.77929  
78.5996  100.924  -7.64078  
84.4606  99.6824  -8.93041  
88.4147  98.705  -10.1918  
35.1836  89.4334  61.7688  
85.6719  133.372  -11.8324  
93.7795  118.777  -25.8178  
94.4337  135.927  -28.5561  
97.8992  137.532  -24.5578  
94.401  135.77  -25.0775  
87.4217  134.44  -8.79701  
99.3688  138.502  -26.0275  
99.9033  138.581  -17.5004  
87.807  94.146  -9.8062  
91.4263  96.3992  -12.9867  
93.4458  98.7072  -16.6169  
56.0756  89.1999  -6.4686  
51.8487  86.3592  -6.69435  
110.929  117.675  -31.6958  
153.483  91.743  -6.17557  
112.369  137.6  -18.0755  
178.558  59.9082  9.06412  
133.11  97.11  -10.6552  
139.633  97.582  -10.0347  
146.375  97.3095  -8.43002  
155.839  92.6846  -4.11761  
127.932  96.1937  -10.3552  
145.495  82.5528  -18.256  
137.66  83.3963  -18.5222  
152.31  83.0649  -15.6724  
156.519  84.59  -12.5838  
160.77  95.3516  0.459534  
129.765  165.568  29.5851  
156.276  89.5144  -4.75072  
179.017  84.2608  26.4181  
168.595  89.6414  4.54581  
138.808  122.76  -3.97739  
113.326  148.441  -5.56865  
112.588  152.118  -0.0868559  
120.548  148.826  -1.12542  
125.349  149.202  4.3968  
118.614  151.411  2.35828  
123.224  150.961  7.088  
135.33  152.825  19.9627  
110.615  137.54  -31.3079  
111.579  132.939  -35.4695  
166.047  79.3288  -14.6804  
125.692  109.275  -12.0464  
127.234  130.7  -16.1577  
127.477  127.004  -15.3975  
157.729  118.737  3.06514  
111.358  125.161  -34.7975  
151  76.9149  -27.9029  
160.148  77.2142  -22.3131  
173.566  53.1958  -8.26476  
120.614  83.8602  -31.005  
130.79  85.8419  -15.9298  
139.908  148.497  18.6444  
168.67  127.246  72.9693  
122.426  133.923  -12.322  
117.114  136.186  -11.4222  
132.626  149.782  17.6093  
130.937  150.213  15.7064  
163.739  72.7145  -21.3355  
127.456  131.747  -11.4003  
138.182  78.694  -31.0009  
139.414  74.0994  -34.7122  
146.949  45.3857  -37.9123  
168.342  63.1877  -15.533  
142.213  60.1039  -36.5276  
169.864  75.2437  -10.9249  
174.048  68.1076  -1.3205  
113.074  150.51  -3.53527  
119.619  150.193  0.500457  
124.366  150.069  5.31525  
121.008  134.713  -10.4853  
131.729  150.018  16.563  
128.746  152.006  14.0928  
130.054  150.375  15.5511  
118.768  134.522  -22.4283  
122.439  151.521  9.33598  
117.774  152.241  6.61931  
112.107  153.115  4.63272  
114.848  163.185  17.4969  
114.017  161.413  8.99608  
113.615  158.966  6.68281  
112.973  156.275  6.6032  
112.194  153.966  5.19848  
122.531  152.011  9.72018  
123.878  152.949  10.4157  
125.373  154.172  10.5725  
126.592  155.307  12.4326  
132.468  142.874  3.6876  
176.394  100.789  66.0187  
125.988  151.243  12.9987  
127.372  151.652  13.5275  
114.47  138.484  -10.113  
125.481  134.177  -4.95087  
115.778  137.417  -11.0819  
132.111  111.343  -8.10445  
142.772  114.466  -4.70361  
128.455  128.278  -10.6268  
163.744  48.1934  -24.4124  
158.295  60.2558  -26.9601  
153.472  71.9995  -29.3571  
129.854  156.659  18.8125  
122.703  76.8356  -37.0909  
124.954  60.845  -41.4632  
127.924  44.1429  -45.0025  
152.292  95.6151  -6.02148  
167.467  98.1378  5.61681  
124.822  95.3693  -10.1386  
162.593  85.4081  -7.44658  
121.159  106.94  -15.873  
123.115  130.972  -23.487  
173.545  99.3997  14.8185  
162.806  103.71  2.16651  
154.258  107.515  -2.59397  
141.408  107.485  -5.45998  
132.289  105.562  -7.72937  
126.021  103.873  -10.6461  
111.843  102.448  -26.6056  
171.658  111.154  19.1874  
167.824  83.5596  -5.46521  
108.615  139.066  -26.9964  
125.15  116.121  -11.6914  
180.191  78.0101  46.0396  
121.128  102.123  -13.2309  
128.945  127.054  -4.08363  
158.871  88.9567  -3.46286  
123.421  126.394  -22.5888  
173.322  113.464  71.0359  
125.423  93.4668  -9.87303  
117.563  125.45  -30.1576  
155.201  148.114  46.1215  
154.548  149.599  61.1444  
176.353  106.383  42.8988  
163.042  139.367  50.1165  
176.914  75.0712  13.7669  
130.698  167.987  36.7131  
108.1  139.168  -17.1548  
130.869  118.938  -7.29251  
173.731  88.7049  11.0284  
145.933  94.509  -9.22107  
139.844  94.8094  -10.6278  
130.049  152.334  15.5719  
169.585  120.838  27.9031  
119.975  173.263  43.7063  
137.466  163.829  50.8401  
145.124  157.97  55.2202  
134.402  94.1872  -11.0644  
129.422  93.4832  -10.5271  
126.502  93.4187  -9.69301  
172.342  80.4361  0.135651  
131.577  89.1751  -13.6895  
137.729  87.2935  -15.2281  
143.861  86.9906  -14.8778  
149.571  87.551  -12.9591  
152.903  88.4802  -10.5101  
180.48  67.6926  28.2067  
150.284  93.3486  -7.54272  
126.819  141.452  -1.30847  
122.326  133.723  -15.665  
114.788  142.28  -7.6028  
146.841  155.751  44.1521  
139.094  161.795  41.097  
120.213  172.92  32.8315  
162.29  139.663  68.265  
127.378  91.9188  -11.5976  
116.392  112.045  -23.9925  
129.356  169.309  46.1607  
173.566  117.458  49.0317  
117.862  152.964  7.13109  
119.139  154.665  8.11228  
120.298  156.714  8.23223  
121.136  158.88  10.2402  
123.22  160.378  17.3966  
127.026  150.558  11.4546  
128.243  149.99  11.221  
129.238  149.417  10.7702  
137.023  145.316  10.3108  
161.457  127.407  16.5223  
116.47  104.485  -20.9133  
120.588  90.7163  -16.0637  
124.854  90.4763  -13.6023  
125.935  151.018  12.7881  
161.21  136.487  33.5558  
114.47  92.3228  -24.0872  
126.866  162.772  23.8599  
111.45  110.552  -30.0967  
121.36  120.261  -19.6025  
117.021  166.618  22.6441  
141.019  152.805  25.0742  
134.263  130.327  -0.585947  
134.672  158.054  25.1207  
148.619  127.872  1.93831  
139.647  134.941  3.4481  
153.244  134.138  11.5586  
119.204  170.501  26.4698  
125.248  121.475  -13.2558  
145.85  153.756  33.5297  
137.974  159.727  33.0823  
146.092  147.093  21.9385  
167.182  128.574  35.6184  
153.545  144.621  28.3604  
169.759  128.104  53.1021  
143.991  140.237  10.1091  
120.803  113.984  -17.4718  
120.878  133.737  -24.2486  
125.198  132.895  -16.0581  
117.724  131.983  -29.8423  
126.267  85.8386  -20.354  
137.643  82.0229  -22.7592  
147.61  80.7982  -22.1516  
155.439  81.1129  -18.857  
160.482  82.5851  -14.2678  
162.882  89.4139  -0.599281  
178.338  95.3217  34.9799  
156.896  98.7128  -1.61039  
149.795  101.436  -4.71245  
140.664  101.836  -6.97743  
132.512  100.771  -8.62805  
126.663  99.599  -9.7223  
122.611  98.6634  -10.8556  
178.422  88.8724  57.8817  
125.068  133.358  -12.2818  
116.426  118.688  -26.174  
115.71  135.786  -28.8197  
112.467  137.508  -24.7017  
115.928  135.683  -25.3345  
123.498  134.517  -9.15938  
110.871  138.476  -26.1496  
110.503  138.575  -17.6064  
123.077  94.1606  -10.4488  
119.45  96.3883  -13.4934  
117.286  98.6757  -17.0428  
154.856  89.1149  -7.98154  
159.028  86.2653  -8.21633  
lm_2d, 468
1339  2549  
1338  2347  
1340  2373  
1264  2001  
1337  2268  
1338  2127  
1340  1730  
733  1560  
1341  1448  
1339  1321  
1335  751  
1340  2575  
1341  2598  
1343  2613  
1345  2627  
1345  2669  
1345  2716  
1347  2756  
1353  2783  
1339  2369  
1250  2339  
420  1028  
994  1652  
909  1660  
824  1656  
705  1578  
1060  1636  
830  1402  
930  1417  
742  1412  
689  1438  
644  1625  
1067  2817  
698  1523  
423  1438  
545  1528  
918  2088  
1232  2524  
1247  2586  
1142  2531  
1085  2537  
1171  2575  
1116  2566  
976  2600  
1266  2339  
1252  2261  
566  1348  
1085  1859  
1062  2223  
1058  2160  
681  2023  
1256  2129  
751  1305  
637  1311  
473  912  
1141  1424  
1020  1459  
913  2527  
594  2177  
1126  2277  
1194  2313  
1006  2546  
1027  2552  
591  1235  
1062  2239  
914  1335  
895  1257  
797  776  
536  1076  
859  1022  
519  1279  
472  1160  
1237  2559  
1156  2554  
1099  2552  
1145  2289  
1017  2549  
1054  2583  
1038  2555  
1168  2288  
1129  2576  
1185  2588  
1256  2603  
1242  2775  
1239  2744  
1241  2702  
1249  2656  
1259  2617  
1131  2584  
1114  2600  
1095  2620  
1081  2640  
995  2431  
483  1723  
1340  2370  
1089  2571  
1071  2577  
1226  2351  
1091  2278  
1211  2333  
1004  1895  
868  1948  
1048  2181  
590  826  
659  1024  
718  1222  
1047  2665  
1109  1303  
1078  1034  
1038  753  
749  1627  
559  1673  
1098  1621  
615  1453  
1141  1819  
1111  2228  
487  1696  
617  1768  
724  1832  
887  1830  
1004  1797  
1083  1767  
1255  1742  
515  1896  
549  1423  
1294  2364  
1090  1975  
418  1335  
1144  1737  
1044  2160  
666  1514  
1108  2150  
531  1941  
1089  1588  
1179  2134  
747  2530  
769  2556  
469  1818  
649  2383  
443  1281  
1064  2859  
1303  2365  
1020  2023  
483  1513  
828  1607  
905  1612  
1039  2589  
548  2063  
1210  2947  
988  2790  
889  2694  
1337  1041  
1370  2969  
976  1602  
1040  1590  
1077  1588  
495  1371  
1012  1516  
934  1484  
854  1478  
781  1488  
739  1504  
404  1161  
773  1588  
1340  2424  
1069  2405  
1126  2274  
1219  2418  
1342  1569  
856  2657  
957  2755  
1197  2942  
674  2389  
1064  1562  
1197  1906  
1365  2964  
1090  2881  
512  2008  
1188  2601  
1171  2630  
1158  2665  
1150  2701  
1133  2728  
1071  2559  
1055  2550  
1042  2540  
941  2473  
642  2173  
1198  1776  
1149  1542  
1097  1538  
1087  2567  
656  2333  
1225  1569  
1095  2769  
1339  1995  
1258  1880  
1340  1869  
1136  2045  
1360  2920  
1356  2848  
1221  2834  
907  2604  
977  2216  
993  2691  
794  2178  
907  2296  
741  2287  
1200  2900  
1089  2066  
856  2623  
960  2721  
837  2508  
584  2198  
750  2470  
564  2191  
855  2388  
1143  1938  
1141  2275  
1088  2260  
1177  2246  
1074  1458  
926  1392  
798  1373  
699  1379  
638  1404  
616  1523  
436  1628  
692  1682  
781  1729  
897  1735  
1002  1715  
1076  1694  
1127  1677  
448  1520  
1092  2267  
1195  2019  
1204  2310  
1248  2338  
1203  2308  
1114  2285  
1266  2354  
1273  2355  
1119  1600  
1165  1638  
1191  1678  
714  1516  
661  1468  
1414  2000  
1956  1559  
1432  2339  
2276  1018  
1697  1650  
1780  1658  
1866  1654  
1986  1575  
1631  1635  
1855  1403  
1755  1417  
1941  1412  
1995  1438  
2049  1620  
1654  2814  
1992  1521  
2282  1432  
2149  1523  
1769  2086  
1444  2523  
1435  2586  
1536  2530  
1598  2536  
1512  2573  
1571  2566  
1725  2598  
1410  2338  
1422  2259  
2117  1348  
1602  1857  
1622  2221  
1625  2159  
2011  2018  
1419  2127  
1925  1307  
2041  1312  
2212  904  
1537  1425  
1667  1459  
1783  2524  
2150  2163  
1560  2276  
1493  2315  
1690  2546  
1669  2553  
2087  1236  
1625  2239  
1761  1337  
1777  1259  
1873  771  
2146  1074  
1813  1021  
2165  1279  
2219  1157  
1441  2558  
1525  2553  
1585  2551  
1542  2290  
1679  2550  
1641  2584  
1658  2556  
1514  2286  
1561  2575  
1501  2588  
1429  2602  
1464  2774  
1453  2744  
1448  2702  
1440  2656  
1430  2617  
1562  2584  
1579  2600  
1598  2620  
1614  2640  
1688  2428  
2249  1713  
1606  2571  
1623  2578  
1459  2354  
1599  2281  
1476  2336  
1684  1892  
1820  1945  
1637  2180  
2087  819  
2018  1024  
1956  1223  
1655  2663  
1564  1306  
1593  1034  
1631  750  
1941  1625  
2135  1668  
1591  1621  
2073  1451  
1544  1817  
1569  2226  
2212  1689  
2075  1763  
1966  1827  
1802  1827  
1686  1794  
1606  1765  
1425  1741  
2188  1889  
2139  1420  
1384  2364  
1595  1974  
2297  1326  
1544  1736  
1644  2159  
2025  1512  
1573  2148  
2209  1928  
1599  1588  
1498  2132  
1978  2517  
1970  2543  
2248  1808  
2078  2369  
2255  1276  
1666  2855  
1378  2365  
1668  2021  
2215  1507  
1860  1606  
1783  1611  
1658  2589  
2162  2054  
1529  2945  
1752  2785  
1850  2685  
1713  1601  
1650  1589  
1612  1588  
2197  1367  
1677  1515  
1756  1483  
1834  1478  
1907  1488  
1949  1504  
2301  1150  
1916  1586  
1616  2404  
1559  2273  
1463  2418  
1872  2647  
1773  2750  
1532  2939  
2069  2374  
1624  1562  
1484  1904  
1649  2878  
2212  1996  
1502  2600  
1519  2629  
1533  2664  
1544  2700  
1571  2726  
1619  2559  
1635  2549  
1647  2540  
1747  2470  
2058  2165  
1484  1776  
1537  1542  
1591  1538  
1605  2567  
2055  2320  
1459  1569  
1617  2767  
1420  1879  
1547  2044  
1492  2832  
1797  2597  
1711  2215  
1717  2686  
1894  2173  
1780  2293  
1953  2280  
1519  2898  
1596  2065  
1859  2613  
1759  2715  
1862  2500  
2131  2185  
1957  2458  
2164  2177  
1835  2384  
1540  1937  
1541  2273  
1596  2259  
1500  2243  
1609  1459  
1754  1394  
1882  1373  
1981  1378  
2046  1403  
2076  1520  
2273  1620  
2000  1678  
1909  1724  
1793  1731  
1689  1713  
1614  1693  
1563  1677  
2274  1510  
1594  2267  
1484  2017  
1475  2308  
1433  2337  
1478  2306  
1574  2286  
1413  2354  
1408  2355  
1569  1600  
1522  1638  
1495  1677  
1974  1514  
2027  1466  
leftEyeRefinePts, 71
675  1607  
712  1625  
758  1640  
819  1653  
902  1657  
972  1649  
1033  1634  
1068  1630  
1081  1633  
700  1624  
734  1640  
786  1656  
861  1667  
935  1661  
1010  1642  
1057  1633  
644  1584  
679  1638  
730  1673  
814  1697  
902  1704  
987  1696  
1052  1674  
1090  1656  
1112  1634  
651  1531  
691  1499  
747  1476  
835  1473  
929  1488  
1012  1522  
1089  1584  
601  1582  
630  1667  
678  1715  
772  1752  
887  1763  
992  1749  
1069  1725  
1119  1704  
1156  1665  
609  1506  
639  1449  
706  1420  
805  1417  
927  1437  
1067  1499  
1139  1578  
537  1580  
546  1470  
570  1382  
646  1342  
760  1336  
919  1361  
472  1569  
553  1702  
613  1778  
720  1830  
879  1838  
995  1813  
1078  1785  
1139  1751  
1184  1694  
489  1425  
520  1320  
599  1268  
727  1253  
902  1283  
1107  1323  
1137  1443  
1217  1592  
rightEyeRefinePts, 71
1993  1603  
1956  1625  
1911  1642  
1851  1657  
1771  1662  
1703  1652  
1642  1635  
1609  1629  
1595  1630  
1965  1618  
1931  1633  
1881  1649  
1808  1658  
1736  1650  
1664  1632  
1618  1627  
2029  1573  
1990  1630  
1937  1670  
1854  1696  
1768  1703  
1686  1695  
1621  1672  
1585  1654  
1564  1633  
2020  1520  
1977  1493  
1920  1472  
1832  1471  
1740  1486  
1660  1520  
1586  1581  
2079  1561  
2045  1653  
1991  1709  
1894  1751  
1780  1763  
1677  1748  
1603  1724  
1554  1705  
1519  1667  
2067  1489  
2032  1438  
1961  1416  
1862  1415  
1742  1436  
1607  1496  
1537  1576  
2150  1552  
2135  1443  
2107  1356  
2026  1326  
1909  1324  
1750  1356  
2230  1536  
2132  1684  
2060  1772  
1944  1833  
1783  1842  
1671  1817  
1591  1789  
1531  1759  
1487  1703  
2202  1388  
2165  1283  
2079  1240  
1943  1235  
1765  1275  
1560  1323  
1535  1442  
1457  1598  
lipRefinePts, 80
1004  2577  
1042  2621  
1090  2669  
1162  2724  
1252  2761  
1357  2771  
1463  2759  
1553  2719  
1624  2662  
1671  2610  
1708  2563  
1044  2573  
1093  2568  
1155  2559  
1249  2546  
1352  2567  
1455  2544  
1551  2553  
1615  2559  
1666  2561  
1034  2587  
1089  2603  
1135  2616  
1196  2629  
1269  2641  
1355  2647  
1441  2638  
1514  2624  
1575  2608  
1622  2593  
1678  2574  
1089  2603  
1134  2615  
1194  2629  
1267  2641  
1353  2648  
1440  2638  
1514  2623  
1575  2607  
1623  2592  
1014  2581  
1056  2614  
1102  2649  
1169  2687  
1254  2719  
1357  2730  
1459  2717  
1544  2682  
1611  2641  
1657  2603  
1698  2567  
1056  2583  
1106  2585  
1168  2586  
1252  2587  
1352  2598  
1453  2585  
1540  2581  
1602  2576  
1653  2571  
1023  2584  
1072  2608  
1119  2630  
1181  2655  
1261  2676  
1356  2686  
1451  2674  
1531  2650  
1593  2622  
1640  2598  
1689  2570  
1072  2593  
1122  2602  
1182  2611  
1259  2621  
1353  2628  
1447  2618  
1526  2606  
1587  2594  
1639  2581  
pose, 1 line
10.1355  1.98094  -0.548319  
