lm_3d, 468
99.3115  144.118  -14.2743  
100.504  130.807  -35.2075  
99.5848  135.206  -17.3498  
92.4684  114.459  -29.76  
99.9283  126.046  -38.188  
99.0388  119.621  -36.6687  
97.1637  102.142  -22.4301  
46.3064  98.2646  0.102504  
96.6132  89.4619  -19.77  
96.3722  82.6918  -22.2645  
94.5682  51.6045  -21.6153  
99.3724  145.882  -12.832  
99.4731  147.426  -10.5313  
99.5985  148.336  -6.75394  
100.13  153.832  -4.53558  
100.282  155.802  -4.52577  
100.541  158.16  -5.45789  
101.004  160.58  -4.03562  
102.098  163.762  2.18332  
100.511  133.282  -31.4414  
93.2743  133.096  -22.5771  
18.5474  73.1629  23.966  
68.324  102.077  -4.75217  
61.7133  102.624  -4.52819  
54.7273  102.674  -3.20079  
43.9621  99.4657  1.23019  
73.2589  101.019  -3.73419  
56.2082  89.0301  -9.17201  
64.0791  89.7839  -8.70079  
48.6788  89.6475  -7.28211  
43.7249  91.4523  -4.84825  
39.957  102.144  4.67492  
78.3177  168.222  11.0045  
43.0709  96.7355  1.8202  
21.2625  96.4821  30.9559  
32.011  98.1852  9.79868  
63.1398  123.501  -7.11506  
89.3624  143.109  -14.1919  
90.3004  147.08  -10.0781  
79.655  144.482  -10.2139  
73.2691  145.978  -4.45117  
82.3656  147.277  -7.42203  
76.4774  147.735  -2.29589  
65.7945  153.778  8.74467  
94.912  130.73  -34.9403  
93.1719  126.066  -37.7239  
34.7813  87.3042  -5.45742  
76.5913  111.442  -9.56766  
76.2795  127.975  -19.756  
75.4492  125.003  -18.1867  
43.4684  121.644  -0.404959  
92.6308  119.98  -35.0243  
51.356  84.1413  -16.142  
41.3777  84.7119  -11.5769  
24.0948  64.9964  9.85631  
81.5463  88.9  -19.0329  
70.6685  91.7122  -6.16037  
59.7453  148.507  8.09485  
34.0894  142.103  60.0566  
81.8414  131.21  -16.6277  
87.7958  132.72  -16.2965  
65.7125  149.014  8.18129  
67.9612  149.169  6.77513  
37.6676  81.0095  -9.48273  
75.7834  129.445  -15.7133  
64.4414  85.1843  -18.7638  
62.9864  80.8426  -21.0308  
51.5681  53.9863  -15.4618  
32.0659  72.7195  -1.25327  
58.8407  66.877  -18.371  
30.6049  84.2144  -0.873767  
25.6419  78.9145  10.6382  
89.639  145.328  -12.7366  
80.9592  145.996  -8.88857  
74.7956  146.87  -3.76951  
83.3621  131.937  -14.846  
66.8948  149.122  7.43334  
70.7944  151.529  4.7649  
68.949  149.19  6.62297  
86.4366  130.493  -26.0167  
77.7924  148.158  -0.715019  
83.603  147.939  -4.06647  
90.9938  148.066  -6.44968  
91.7608  163.654  2.12846  
90.7982  160.152  -4.13168  
90.66  157.67  -5.31471  
91.023  155.323  -4.30397  
91.7631  153.557  -4.26978  
78.4301  151.916  0.950668  
77.1199  152.657  0.729536  
75.6393  153.793  0.276884  
74.6541  155.072  1.70379  
67.5275  140.721  -3.84096  
22.3597  116.898  62.9821  
100.127  134.398  -22.3826  
73.8379  150.905  4.528  
72.2678  151.172  4.47198  
90.1855  134.654  -15.993  
77.8995  131.846  -10.1659  
89.0875  133.723  -16.377  
69.9357  113.645  -7.25321  
59.1027  116.547  -5.57819  
74.2143  126.705  -14.1353  
34.5812  58.5209  -3.90259  
42.8185  68.6092  -10.6409  
48.7249  79.7578  -16.1122  
72.9196  157.777  6.43888  
79.2745  82.3502  -22.7997  
75.782  66.2416  -22.0477  
70.9482  51.824  -21.1768  
48.0253  101.604  -0.902206  
33.6371  105.078  8.37076  
76.1799  99.941  -2.93182  
37.4411  93.1381  -0.163129  
81.2558  108.824  -12.2138  
81.2695  126.956  -26.4252  
27.027  107.771  15.6488  
38.5191  108.95  3.5408  
47.3339  111.315  -1.51076  
60.5343  110.906  -3.75137  
69.8343  109.138  -4.84247  
76.2264  107.256  -6.54112  
90.3789  103.298  -20.1276  
28.6853  118.351  16.0162  
32.5404  92.0401  2.09155  
97.0624  133.207  -31.2971  
77.1091  116.82  -11.3843  
17.3732  94.0771  52.3167  
80.971  105.145  -7.78023  
73.3196  126.347  -7.51364  
40.6277  96.4994  2.80822  
80.2811  123.345  -24.4465  
27.2051  128.959  63.0509  
75.3444  98.3696  -1.75597  
86.3862  121.222  -31.118  
49.7281  156.714  29.7331  
52.5162  160.449  42.6811  
23.561  118.367  38.836  
40.098  149.995  35.0082  
22.9352  86.7236  22.3723  
79.2692  171.471  15.52  
97.2573  134.19  -22.0538  
71.3146  119.82  -8.59207  
26.91  98.3819  15.8005  
54.7447  99.9079  -3.01512  
61.2352  99.8534  -4.17096  
69.5025  152.021  5.86244  
30.7673  128.544  20.7279  
92.8922  176.987  20.1116  
72.663  170.446  29.9499  
63.7044  166.466  35.5839  
95.4802  66.3619  -22.3817  
106.122  177.987  19.4776  
66.7229  99.281  -4.22985  
71.4976  98.6141  -3.21482  
74.2805  98.4512  -1.87374  
27.9535  90.0992  7.91038  
69.7644  94.9993  -4.85695  
64.1283  93.4902  -6.30596  
57.9009  93.0404  -6.38128  
51.4293  93.5727  -5.05399  
47.2463  94.8074  -3.13551  
16.5933  82.3217  39.285  
49.9646  99.3063  -1.38872  
99.3772  138.071  -14.8616  
74.6144  138.392  -8.59765  
82.0941  130.726  -19.2886  
88.9035  138.054  -14.5968  
96.6798  95.24  -18.7677  
59.8845  162.671  26.2253  
69.3871  166.963  21.4565  
91.1151  175.015  10.6006  
42.7912  153.036  51.9517  
73.518  97.0805  -3.10533  
86.3953  111.486  -20.7891  
105.217  175.676  10.2908  
82.1422  174.124  23.786  
26.9319  129.557  40.509  
84.4651  152.835  -2.06448  
83.2581  154.107  -2.21108  
82.2887  155.972  -2.85031  
81.9436  158.154  -1.54312  
81.3591  161.306  3.55418  
71.4532  148.383  2.43132  
69.849  147.943  2.30138  
68.5313  147.371  1.94328  
62.2069  144.079  1.902  
39.3861  132.124  8.78799  
85.8831  105.83  -15.7242  
80.7933  95.3375  -6.4609  
76.3297  95.4625  -4.21183  
73.0369  148.618  3.39313  
40.3005  143.837  21.526  
87.1894  95.9874  -14.761  
79.4277  164.721  7.67376  
98.3447  113.932  -31.6471  
91.3709  109.284  -25.6012  
97.7685  108.407  -26.858  
81.5945  118.839  -19.4226  
104.38  172.497  5.80027  
103.173  167.92  4.25239  
90.9673  167.679  4.96388  
62.1071  155.251  12.1903  
67.7404  129.962  -5.32126  
70.0994  160.599  10.5717  
52.974  129.091  -3.80563  
61.6095  134.782  -2.85215  
48.1323  136.565  3.21367  
90.4542  172.011  6.48708  
77.2336  120.913  -14.3215  
59.0735  158.315  18.2363  
68.6795  163.427  15.8751  
55.6389  149.011  10.2343  
33.5539  137.149  25.1335  
49.0517  149.587  15.6716  
31.9504  140.105  40.5926  
56.6886  140.484  1.77368  
81.7609  114.145  -15.7035  
84.1015  129.541  -27.5846  
78.7963  129.925  -20.0894  
87.1662  126.444  -32.4823  
75.3943  91.2411  -9.54241  
64.4119  88.3592  -11.8154  
54.3536  87.3065  -11.8359  
45.825  87.6645  -9.48905  
39.9203  89.7676  -5.76228  
37.308  97.3964  5.24055  
21.61  107.484  35.1401  
43.9236  104.552  1.99076  
51.7398  106.34  -1.25527  
61.0201  106.44  -3.2206  
69.3324  105.349  -4.1377  
75.0739  103.932  -4.15515  
79.0224  102.67  -4.60439  
19.74  105.345  59.7066  
78.7164  130.74  -16.6008  
86.8349  116.268  -25.0283  
89.8353  130.159  -32.2815  
93.3931  132.47  -28.8414  
89.7581  130.948  -28.9522  
80.3245  131.883  -13.9133  
94.869  132.904  -30.4444  
95.024  133.822  -22.3333  
77.9232  98.613  -2.38387  
82.0119  100.279  -5.81771  
84.5333  101.684  -10.119  
44.8365  95.8531  -0.981482  
40.6297  93.6737  -1.26213  
104.476  114.434  -28.8974  
147.724  97.3567  6.39627  
107.244  132.982  -22.0001  
170.941  73.5336  33.2259  
126.782  101.519  -0.74071  
133.523  102.021  0.306044  
140.305  102.052  2.39839  
149.941  98.5546  7.83875  
121.446  100.489  -0.601478  
138.028  88.4531  -4.12238  
129.989  89.1073  -4.72944  
145.212  89.0611  -1.42814  
149.807  90.809  1.56605  
154.424  101.524  11.8218  
129.1  167.63  14.6205  
150.585  95.7119  8.39324  
170.339  95.9879  41.1513  
161.081  97.5487  17.8529  
134.85  123.45  -2.55232  
108.887  142.892  -12.9475  
108.167  146.863  -8.7998  
117.959  144.145  -7.57639  
123.863  145.605  -0.591351  
115.366  146.907  -4.98112  
120.743  147.362  1.16682  
133.648  153.348  14.0822  
106.077  130.623  -34.3943  
106.572  126.012  -37.1238  
158.234  86.6443  2.13108  
119.857  111.199  -6.93381  
122.576  127.717  -17.3898  
122.837  124.829  -15.7479  
154.328  121.37  7.05566  
105.539  119.917  -34.2072  
142.016  83.2861  -10.7577  
151.837  83.9507  -4.79128  
165.127  65.4858  18.1189  
111.973  88.5141  -17.2805  
123.181  91.1444  -3.00294  
138.137  148.078  14.5302  
164.804  140.707  68.9705  
117.367  130.988  -14.8049  
111.986  132.747  -15.4028  
131.139  148.437  13.9704  
128.944  148.66  11.9436  
154.974  80.2533  -2.26592  
122.927  129.335  -13.3434  
129.12  84.4616  -15.0535  
130.063  80.0319  -17.2218  
136.79  54.4642  -10.5098  
159.071  72.694  6.79102  
132.168  66.6081  -13.9594  
161.837  83.7438  7.27369  
165.646  78.8391  19.735  
108.692  145.126  -11.4914  
116.714  145.648  -6.36012  
122.386  146.468  -0.190622  
115.959  131.775  -13.378  
129.996  148.571  12.8532  
126.866  151.138  9.28728  
127.916  148.701  11.7132  
113.89  130.244  -24.4278  
119.545  147.782  2.62139  
114.248  147.654  -1.68885  
107.579  147.897  -5.1346  
112.265  163.364  3.48001  
110.704  159.973  -2.61303  
109.914  157.486  -3.77977  
108.953  155.147  -2.78319  
107.98  153.378  -2.82253  
119.73  151.531  4.37012  
121.249  152.279  4.15841  
123.038  153.445  3.78297  
124.584  154.787  5.48102  
130.518  140.493  0.418529  
170.753  116.032  72.6516  
123.692  150.448  8.86239  
125.252  150.755  8.82559  
109.362  134.681  -15.0781  
121.127  131.853  -8.16965  
110.68  133.744  -15.4951  
127.002  113.439  -3.55241  
138.303  116.467  -0.323686  
124.025  126.62  -11.5358  
154.051  59.0301  2.89003  
148.169  68.3916  -4.17961  
144.116  78.8522  -10.4108  
128.253  157.29  10.8308  
113.823  81.9874  -20.888  
115.218  66.2804  -19.768  
117.667  52.219  -18.6691  
146.464  100.855  5.34344  
160.673  104.703  16.3878  
118.106  99.4378  -0.115658  
155.598  92.3439  7.13835  
114.753  108.591  -10.2253  
118.312  126.747  -24.5167  
167.172  107.304  24.9467  
156.936  108.655  11.1928  
148.984  111.164  5.01997  
136.067  110.698  1.28437  
126.485  108.787  -1.10206  
119.691  106.903  -3.86478  
104.247  103.125  -19.2479  
167.49  117.658  25.5079  
160.156  91.3818  10.0397  
103.965  133.133  -30.8713  
120.056  116.601  -8.84796  
172.556  93.6055  62.4102  
114.368  104.839  -5.75176  
124.754  126.335  -4.81994  
152.725  95.5426  9.73015  
118.441  123.192  -22.5216  
168.352  127.968  72.4161  
118.442  97.8161  1.22489  
112.018  121.11  -29.6577  
153.458  155.103  37.5627  
152.948  159.212  49.9837  
171.039  117.32  49.1537  
160.999  148.044  43.9015  
168.178  86.6084  32.076  
130.061  170.848  19.2642  
103.058  134.194  -21.8101  
126.283  119.766  -5.26752  
165.622  97.7825  24.7753  
139.88  99.1616  2.46283  
133.608  99.2214  0.647338  
128.411  151.668  10.6885  
166.951  127.348  30.0932  
119.325  176.718  22.1043  
137.21  170.015  34.925  
144.273  165.73  41.7768  
128.02  98.6883  -0.0669627  
122.872  98.0662  0.419893  
119.754  97.9039  1.34784  
164.222  89.5954  16.553  
124.419  94.2358  -1.21063  
130.558  92.7151  -2.08459  
136.903  92.3871  -1.44023  
143.115  92.9059  0.55163  
146.906  94.0525  2.89694  
172.731  82.4521  49.1606  
144.34  98.482  4.59758  
124.107  138.214  -5.48141  
117.346  130.429  -17.6124  
110.032  137.971  -13.3457  
145.439  161.48  32.6613  
138.101  166.111  26.5045  
119.194  174.604  12.6486  
159.625  151.379  60.1059  
120.339  96.4903  0.18992  
109.976  111.341  -19.4765  
129.249  173.781  27.493  
169.534  128.151  50.6376  
114.471  152.527  0.441719  
115.912  153.845  0.405988  
117.404  155.72  -0.0964177  
118.627  157.889  1.3566  
121.447  160.806  6.83034  
125.257  147.933  6.97976  
126.762  147.463  7.19691  
128.069  146.916  7.04862  
135.298  143.774  7.5784  
159.302  131.188  17.1803  
109.406  105.643  -14.3271  
112.721  94.8635  -4.6732  
117.338  94.9547  -1.54743  
123.861  148.182  7.77397  
159.507  142.305  30.1901  
106.202  95.7667  -13.6818  
125.725  164.151  11.051  
104.428  109.186  -24.8879  
116.075  118.748  -17.6887  
115.335  167.324  6.50099  
139.042  154.611  18.1488  
130.471  129.908  -1.64466  
133.169  159.939  15.2904  
145.573  128.806  2.35263  
136.65  134.637  2.14897  
150.866  135.956  10.5181  
118.168  171.601  8.39357  
120.578  120.709  -12.0768  
144.193  157.395  24.6934  
136.711  162.616  20.791  
143.859  148.392  17.3936  
165.217  135.632  34.4821  
151.72  148.421  23.4698  
166.825  138.371  50.3787  
141.542  140.207  8.07194  
115.043  113.971  -13.8059  
116.02  129.266  -25.8364  
120.447  129.677  -18.0988  
112.711  126.268  -31.0182  
118.109  90.6769  -6.97611  
129.304  87.6941  -7.93082  
139.451  86.6376  -6.74496  
147.731  87.1201  -3.28142  
153.339  89.0678  1.13794  
156.044  96.5347  12.6763  
171.497  106.732  45.663  
151.037  104.009  8.70293  
143.91  105.953  4.66393  
134.805  105.971  1.6356  
126.321  104.838  -0.362222  
120.198  103.491  -1.36888  
115.781  102.268  -2.37421  
171.764  104.587  69.7028  
120.29  130.537  -14.6277  
110.457  116.188  -23.6547  
110.973  129.93  -31.1456  
107.548  132.371  -28.2066  
111.029  130.728  -27.8266  
118.821  131.801  -12.2541  
106.083  132.882  -29.903  
105.42  133.765  -21.874  
116.001  98.0624  0.0336962  
112.132  99.9025  -4.08836  
109.966  101.417  -8.65597  
149.047  94.9903  5.29745  
152.621  92.8168  5.56207  
lm_2d, 468
2068  4503  
2093  4087  
2074  4225  
1926  3576  
2081  3938  
2063  3738  
2024  3191  
964  3070  
2012  2795  
2007  2584  
1970  1612  
2070  4558  
2072  4607  
2074  4635  
2086  4807  
2089  4868  
2094  4942  
2104  5018  
2127  5117  
2093  4165  
1943  4159  
386  2286  
1423  3189  
1285  3206  
1140  3208  
915  3108  
1526  3156  
1171  2782  
1334  2805  
1014  2801  
910  2857  
832  3192  
1631  5256  
897  3022  
442  3015  
666  3068  
1315  3859  
1861  4472  
1881  4596  
1659  4515  
1526  4561  
1715  4602  
1593  4616  
1370  4805  
1977  4085  
1941  3939  
724  2728  
1595  3482  
1589  3999  
1571  3906  
905  3801  
1929  3749  
1069  2629  
862  2647  
501  2031  
1698  2778  
1472  2866  
1244  4640  
710  4440  
1705  4100  
1829  4147  
1369  4656  
1415  4661  
784  2531  
1578  4045  
1342  2662  
1312  2526  
1074  1687  
668  2272  
1225  2089  
637  2631  
534  2466  
1867  4541  
1686  4562  
1558  4589  
1736  4123  
1393  4660  
1474  4735  
1436  4662  
1800  4077  
1620  4629  
1741  4623  
1895  4627  
1911  5114  
1891  5004  
1888  4927  
1896  4853  
1911  4798  
1633  4747  
1606  4770  
1575  4806  
1555  4846  
1406  4397  
465  3653  
2085  4199  
1538  4715  
1505  4724  
1878  4207  
1622  4120  
1855  4178  
1456  3551  
1231  3642  
1546  3959  
720  1828  
892  2144  
1015  2492  
1519  4930  
1651  2573  
1578  2070  
1478  1619  
1000  3175  
700  3283  
1587  3123  
780  2910  
1692  3400  
1693  3967  
563  3367  
802  3404  
986  3478  
1261  3465  
1454  3410  
1588  3351  
1882  3228  
597  3698  
677  2876  
2022  4162  
1606  3650  
361  2939  
1686  3285  
1527  3948  
846  3015  
1672  3854  
566  4029  
1569  3074  
1799  3788  
1036  4897  
1094  5014  
490  3698  
835  4687  
477  2710  
1651  5358  
2026  4193  
1485  3744  
560  3074  
1140  3122  
1275  3120  
1447  4750  
640  4017  
1935  5530  
1513  5326  
1327  5202  
1989  2073  
2210  5562  
1390  3102  
1489  3081  
1547  3076  
582  2815  
1453  2968  
1336  2921  
1206  2907  
1071  2924  
984  2962  
345  2572  
1040  3103  
2070  4314  
1554  4324  
1710  4085  
1852  4314  
2014  2976  
1247  5083  
1445  5217  
1898  5469  
891  4782  
1531  3033  
1799  3483  
2192  5489  
1711  5441  
561  4048  
1759  4776  
1734  4815  
1714  4874  
1707  4942  
1694  5040  
1488  4636  
1455  4623  
1427  4605  
1295  4502  
820  4128  
1789  3307  
1683  2979  
1590  2983  
1521  4644  
839  4494  
1816  2999  
1654  5147  
2048  3560  
1903  3415  
2036  3387  
1699  3713  
2174  5390  
2149  5247  
1895  5239  
1293  4851  
1411  4061  
1460  5018  
1103  4034  
1283  4211  
1002  4267  
1884  5375  
1609  3778  
1230  4947  
1430  5107  
1159  4656  
699  4285  
1021  4674  
665  4378  
1181  4390  
1703  3567  
1752  4048  
1641  4060  
1815  3951  
1570  2851  
1341  2761  
1132  2728  
954  2739  
831  2805  
777  3043  
450  3358  
915  3267  
1077  3323  
1271  3326  
1444  3292  
1564  3247  
1646  3208  
411  3292  
1639  4085  
1809  3633  
1871  4067  
1945  4139  
1869  4092  
1673  4121  
1976  4153  
1979  4181  
1623  3081  
1708  3133  
1761  3177  
934  2995  
846  2927  
2176  3576  
3077  3042  
2234  4155  
3561  2297  
2641  3172  
2781  3188  
2923  3189  
3123  3079  
2530  3140  
2875  2764  
2708  2784  
3025  2783  
3120  2837  
3217  3172  
2689  5238  
3137  2990  
3548  2999  
3355  3048  
2809  3857  
2268  4465  
2253  4589  
2457  4504  
2580  4550  
2403  4590  
2515  4605  
2784  4792  
2209  4081  
2220  3937  
3296  2707  
2497  3474  
2553  3991  
2559  3900  
3215  3792  
2198  3747  
2958  2602  
3163  2623  
3440  2046  
2332  2766  
2566  2848  
2877  4627  
3433  4397  
2445  4093  
2333  4148  
2732  4638  
2686  4645  
3228  2507  
2560  4041  
2690  2639  
2709  2500  
2849  1702  
3313  2271  
2753  2081  
3371  2616  
3450  2463  
2264  4535  
2431  4551  
2549  4577  
2415  4117  
2708  4642  
2643  4723  
2664  4646  
2372  4070  
2490  4618  
2380  4614  
2241  4621  
2338  5105  
2306  4999  
2289  4921  
2269  4848  
2249  4793  
2494  4735  
2526  4758  
2563  4795  
2595  4837  
2719  4390  
3557  3626  
2576  4701  
2609  4711  
2278  4208  
2523  4120  
2305  4179  
2645  3544  
2881  3639  
2583  3956  
3209  1844  
3086  2137  
3002  2464  
2671  4915  
2371  2562  
2400  2071  
2451  1631  
3051  3151  
3347  3271  
2460  3107  
3241  2885  
2390  3393  
2464  3960  
3482  3353  
3269  3395  
3103  3473  
2834  3459  
2635  3399  
2493  3340  
2171  3222  
3489  3676  
3336  2855  
2165  4160  
2501  3643  
3594  2925  
2382  3276  
2599  3947  
3181  2985  
2467  3849  
3507  3998  
2467  3056  
2333  3784  
3197  4846  
3186  4975  
3563  3666  
3354  4626  
3503  2706  
2709  5338  
2147  4193  
2630  3742  
3450  3055  
2914  3098  
2783  3100  
2675  4739  
3478  3979  
2485  5522  
2858  5312  
3005  5179  
2667  3084  
2559  3064  
2494  3059  
3421  2799  
2592  2944  
2719  2897  
2852  2887  
2981  2903  
3060  2939  
3598  2576  
3007  3077  
2585  4319  
2444  4075  
2292  4311  
3029  5046  
2877  5190  
2483  5456  
3325  4730  
2507  3015  
2291  3479  
2692  5430  
3531  4004  
2384  4766  
2414  4807  
2445  4866  
2471  4934  
2530  5025  
2609  4622  
2640  4608  
2668  4591  
2818  4492  
3318  4099  
2279  3301  
2348  2964  
2444  2967  
2580  4630  
3323  4447  
2212  2992  
2619  5129  
2175  3412  
2418  3710  
2402  5228  
2896  4831  
2718  4059  
2774  4998  
3032  4025  
2846  4207  
3143  4248  
2461  5362  
2512  3772  
3004  4918  
2848  5081  
2997  4637  
3442  4238  
3160  4638  
3475  4324  
2948  4381  
2396  3561  
2417  4039  
2509  4052  
2348  3945  
2460  2833  
2693  2740  
2905  2707  
3077  2722  
3194  2783  
3250  3016  
3572  3335  
3146  3250  
2998  3311  
2808  3311  
2631  3276  
2504  3234  
2412  3195  
3578  3268  
2506  4079  
2301  3630  
2311  4060  
2240  4136  
2313  4085  
2475  4118  
2210  4152  
2196  4180  
2416  3064  
2336  3121  
2290  3169  
3105  2968  
3179  2900  
leftEyeRefinePts, 71
834  3034  
895  3078  
967  3106  
1061  3127  
1190  3133  
1306  3116  
1409  3091  
1472  3078  
1502  3073  
876  3019  
930  2998  
1015  2974  
1138  2960  
1261  2965  
1381  2996  
1462  3040  
801  3031  
856  3118  
929  3178  
1060  3211  
1197  3211  
1335  3194  
1445  3158  
1513  3124  
1564  3086  
817  2955  
889  2901  
986  2857  
1128  2838  
1280  2852  
1414  2907  
1536  3007  
720  3061  
759  3206  
833  3273  
985  3324  
1174  3327  
1352  3290  
1483  3245  
1578  3207  
1655  3135  
744  2939  
807  2844  
929  2790  
1099  2769  
1296  2787  
1523  2879  
1641  2997  
607  3099  
637  2917  
680  2770  
828  2695  
1030  2664  
1296  2684  
513  3108  
621  3296  
708  3405  
891  3472  
1163  3460  
1362  3402  
1510  3342  
1620  3275  
1710  3176  
547  2879  
591  2697  
749  2593  
984  2550  
1275  2574  
1625  2623  
1658  2798  
1786  3018  
rightEyeRefinePts, 71
3161  3095  
3108  3139  
3047  3166  
2963  3186  
2842  3187  
2730  3175  
2630  3158  
2566  3151  
2535  3146  
3124  3075  
3077  3054  
2996  3030  
2874  3023  
2759  3037  
2647  3070  
2571  3116  
3202  3092  
3153  3180  
3087  3237  
2972  3264  
2838  3265  
2705  3251  
2597  3220  
2531  3190  
2485  3153  
3189  3002  
3123  2940  
3027  2895  
2886  2887  
2741  2912  
2613  2971  
2507  3073  
3282  3125  
3255  3258  
3189  3322  
3051  3365  
2866  3365  
2692  3335  
2565  3295  
2475  3258  
2398  3193  
3252  2989  
3188  2880  
3071  2819  
2907  2808  
2719  2844  
2509  2940  
2408  3063  
3388  3153  
3346  2958  
3286  2800  
3136  2718  
2941  2694  
2697  2732  
3487  3184  
3398  3347  
3321  3442  
3152  3500  
2885  3484  
2687  3431  
2544  3375  
2435  3312  
2347  3217  
3431  2922  
3363  2727  
3200  2620  
2977  2579  
2707  2617  
2391  2680  
2372  2853  
2270  3063  
lipRefinePts, 80
1372  4852  
1456  4918  
1567  4984  
1717  5072  
1902  5152  
2113  5187  
2319  5161  
2493  5089  
2609  4998  
2677  4921  
2736  4849  
1444  4808  
1554  4773  
1683  4742  
1886  4708  
2100  4747  
2310  4715  
2494  4745  
2603  4780  
2684  4810  
1440  4853  
1559  4858  
1656  4865  
1777  4879  
1927  4899  
2102  4916  
2273  4906  
2410  4893  
2509  4879  
2577  4869  
2656  4854  
1554  4855  
1649  4865  
1766  4876  
1917  4892  
2095  4912  
2264  4901  
2398  4888  
2502  4876  
2571  4864  
1400  4856  
1491  4896  
1593  4939  
1733  4994  
1908  5059  
2112  5089  
2308  5067  
2466  5010  
2576  4952  
2644  4901  
2708  4855  
1479  4832  
1589  4814  
1714  4800  
1894  4790  
2100  4813  
2301  4795  
2464  4806  
2573  4820  
2651  4836  
1422  4856  
1524  4877  
1625  4897  
1750  4929  
1914  4966  
2108  4993  
2292  4977  
2440  4946  
2541  4910  
2610  4885  
2680  4856  
1518  4849  
1626  4848  
1745  4847  
1907  4855  
2098  4872  
2285  4863  
2428  4858  
2530  4860  
2608  4858  
pose, 1 line
5.72064  0.191845  -1.81192  
