python版本结果：

rot_vec:
[[0.1917533 ], [0.019932  ], [0.02307755]]

rot_mat:
[[ 0.99953653 -0.02102781  0.02201266], 
 [ 0.02483784  0.98140757 -0.19032148], 
 [-0.01760135  0.19078002  0.981475  ]]

eluer angles:
(11.00003393679857, 1.0085350266374808, 1.423470545847395)

face_2d:
[ 404.77889156 1398.43566513]
 [ 927.40396643 1466.7938633 ]
 [1354.19159317 1484.8103199 ]
 [1929.96437359 1466.47558022]
 [ 492.87847137 1659.32001114]
 [ 879.095438   1695.09125519]
 [1419.90343094 1723.72350311]
 [1809.37453079 1718.38895416]
 [ 870.98403454 2261.73961258]
 [1381.76607513 2278.49713898]
 [ 855.03364563 2602.99568939]
 [1468.06013775 2591.6361351 ]
 [1146.44505501 2778.93191528]
 [1131.84136248 2902.01797485]]


C++版本结果：

face_2d_pts: 
[417, 1382;
 943, 1438;
 1332, 1458;
 1894, 1426;
 510, 1589;
 856, 1622;
 1419, 1654;
 1784, 1641;
 864, 2232;
 1401, 2251;
 799, 2541;
 1464, 2559;
 1123, 2739;
 1129, 2925]

rot_vec: [1.8720588364447;
 -1.707052665698323e-06;
 -1.297880700443653e-06]


rot_mat: [0.9999999999982988, -5.20364074884243e-07, -1.769798688471542e-06;
 -1.844497209970648e-06, -0.2967260923580305, -0.9549626307403507;
 -2.821720319630279e-08, 0.9549626307419903, -0.2967260923584855]