lm_3d, 468
87.4887  152.604  -5.46661  
87.2393  143.906  -30.4808  
87.7578  144.517  -11.6181  
83.0395  123.94  -30.1768  
87.3798  139.406  -34.6338  
87.8874  131.428  -35.246  
89.4654  108.576  -28.0278  
45.0666  96.1655  -4.23688  
90.3885  90.6583  -29.8959  
90.7337  82.8688  -34.8908  
92.9336  49.5373  -43.6104  
87.4916  153.957  -3.55706  
87.5288  155.076  -0.879987  
87.6483  155.781  3.41739  
88.1328  159.112  4.77747  
88.0437  161.355  5.9095  
87.9648  163.823  5.93029  
87.9954  165.98  8.38005  
88.3209  167.037  16.0819  
87.389  145.011  -26.2629  
81.2631  142.816  -17.3947  
26.3591  62.6071  12.5608  
64.2115  102.383  -9.30882  
57.9812  102.419  -8.36507  
51.6951  101.754  -6.55546  
42.9823  96.7389  -2.11744  
69.0387  101.917  -9.05943  
53.2487  86.7444  -15.8558  
60.573  88.1641  -16.4174  
46.7146  86.8993  -13.1112  
42.5774  88.3961  -10.0766  
38.6514  98.8336  2.42789  
67.8272  166.38  29.0642  
42.5887  93.8289  -2.67657  
24.6051  86.6149  27.4381  
32.2817  92.7022  6.58606  
56.8516  126.236  -3.23575  
79.2127  151.115  -4.94582  
79.9188  154.043  0.0922618  
72.2991  150.684  -0.45698  
67.8458  150.16  5.33578  
74.1384  152.922  2.79173  
70.009  151.853  7.71458  
60.4524  152.968  20.8335  
82.2279  143.21  -29.9609  
81.3978  138.709  -33.8496  
34.5962  81.906  -11.3918  
70.454  114.539  -10.9353  
68.0207  135.187  -15.2541  
67.9094  131.571  -14.5263  
38.9583  120.968  4.57095  
82.102  131.194  -33.1784  
47.9847  80.0703  -24.1611  
39.772  79.9166  -18.4574  
30.3438  56.1997  -4.0205  
75.6134  88.4469  -28.384  
66.815  91.1451  -14.3036  
55.6538  148.123  19.4737  
34.405  128.141  72.2322  
72.4841  138.502  -11.9663  
77.4054  140.764  -10.9992  
61.7135  149.337  18.5726  
63.4562  150.062  16.7032  
37.0107  75.23  -17.6399  
67.9  135.75  -10.7864  
59.5148  82.3939  -27.7674  
58.5812  77.7915  -31.3536  
53.6683  49.3891  -33.4829  
33.9807  66.0687  -12.3033  
57.0532  64.0907  -33.1472  
31.651  77.536  -7.90986  
29.1857  70.6039  1.08813  
79.4057  152.727  -3.02011  
73.1218  151.841  1.13824  
68.8307  151.001  6.1824  
73.8256  139.149  -10.0441  
62.6063  149.723  17.5637  
65.5266  152.84  15.2567  
64.2065  150.373  16.5744  
75.4681  139.863  -21.3771  
70.9557  152.433  9.58573  
75.1325  153.616  6.5064  
80.6111  154.862  4.189  
79.7253  166.018  16.5957  
79.5994  164.76  8.80002  
79.8106  162.562  6.65249  
80.4197  160.149  6.62979  
81.2381  158.154  5.57521  
71.4419  154.546  10.6665  
70.1689  155.133  11.1867  
68.7433  156.061  11.369  
67.7172  157.026  13.2835  
61.5601  144.483  4.74883  
27.9876  102.227  65.9984  
87.5746  144.841  -17.0159  
68.2829  152.714  14.1529  
66.8464  152.74  14.6409  
79.5618  142.835  -9.75699  
69.6103  137.735  -4.78984  
78.5176  141.876  -10.6684  
64.2004  115.888  -6.96493  
53.6028  117.941  -3.29658  
67.0146  132.437  -10.0311  
38.7471  51.6729  -19.7511  
42.7139  63.5695  -23.5065  
46.0543  75.0865  -25.7263  
65.4306  157.793  19.4623  
73.8881  81.1916  -34.0602  
72.9398  65.513  -38.4023  
71.2384  48.7873  -41.2608  
46.1272  99.7354  -4.07773  
32.448  100.957  7.45582  
71.8234  101.311  -8.96717  
37.3069  88.9053  -4.80254  
74.739  112.693  -14.6346  
71.5421  136.059  -22.3119  
27.1738  101.711  16.4211  
36.0519  106.463  4.00583  
43.5912  110.512  -0.867038  
55.7287  111.421  -3.90636  
64.5624  110.381  -6.46058  
70.5345  109.277  -9.44744  
83.2782  108.988  -25.063  
27.6479  112.849  20.503  
33.0445  86.5198  -2.84441  
84.2244  144.61  -25.8899  
70.5008  121.196  -10.9328  
25.0242  80.1815  47.3321  
75.0328  107.927  -12.017  
66.6028  131.012  -3.89039  
40.3874  93.0132  -1.32443  
71.5207  131.511  -21.4474  
30.5173  114.637  70.6188  
71.3189  99.4292  -8.71292  
76.6122  131.079  -28.673  
45.0416  148.762  45.4852  
47.1628  149.727  60.2672  
25.5032  108.089  42.8749  
37.2406  140.539  49.3159  
26.6766  77.6391  15.3747  
68.1955  168.037  35.8189  
84.9489  144.479  -16.6136  
64.9333  123.216  -6.64954  
28.0609  91.4059  12.7619  
52.023  99.1996  -7.39411  
57.762  99.7682  -8.90853  
64.3492  153.009  16.713  
29.1055  122.357  28.5427  
78.4034  172.826  41.446  
63.4215  162.956  49.5657  
56.3409  157.418  54.1883  
91.7179  66.688  -40.1215  
88.9668  175.047  39.9185  
63.015  99.5109  -9.52506  
67.7351  99.2283  -9.14162  
70.3934  99.351  -8.41641  
29.5359  83.0466  2.45288  
65.9857  94.7001  -12.1763  
60.442  92.3381  -13.3164  
54.5889  91.5549  -12.7739  
49.075  91.782  -10.7529  
45.7739  92.6754  -8.36372  
24.7587  70.2261  30.6165  
47.9882  97.8845  -5.64849  
87.7618  146.794  -8.22272  
67.3149  143.967  -0.632249  
72.4557  138.553  -15.0032  
78.7367  145.933  -7.09658  
90.0807  98.5342  -27.0114  
53.5712  155.888  43.6217  
60.8879  161.622  40.386  
77.1153  173.504  31.6735  
39.9796  140.314  67.4612  
69.62  97.7792  -10.2439  
78.5842  118.116  -22.6622  
88.5538  175.618  30.5921  
70.3946  168.475  44.5578  
27.7218  118.996  48.4408  
75.7435  156.519  7.77188  
74.4983  157.818  8.56469  
73.436  159.573  8.70977  
72.8505  161.516  10.734  
71.667  162.495  17.5197  
66.6226  150.889  12.3575  
65.4092  150.259  12.2806  
64.4615  149.611  11.8463  
57.4298  145.778  11.4134  
35.2844  129.097  17.371  
79.062  110.649  -19.5472  
75.822  96.5328  -14.9191  
72.0163  96.3078  -12.1909  
67.7796  151.479  13.4389  
36.8986  137.825  33.535  
81.3838  98.1727  -22.6675  
69.313  164.193  23.5742  
88.4301  123.947  -32.6017  
83.1077  117.056  -28.5571  
88.9393  116.796  -30.3669  
73.6505  125.583  -18.5913  
88.3844  173.863  24.4275  
88.3539  170.352  20.6255  
78.3508  168.862  21.848  
56.2578  153.097  25.6901  
61.2918  133.516  -0.197718  
62.2975  158.785  25.4127  
46.9217  130.422  2.76813  
55.5154  137.257  4.19814  
42.8153  135.746  12.16  
77.0768  171.98  25.7129  
70.2238  126.377  -12.5155  
53.0858  154.103  33.6345  
60.5487  160.102  32.8444  
50.7724  147.241  22.5453  
31.5647  130.015  35.653  
44.3662  145.394  28.5939  
31.1991  129.555  52.2627  
51.4045  141.116  10.9057  
74.545  119.583  -16.4021  
73.5101  138.994  -23.0612  
69.8446  137.485  -15.261  
76.156  137.497  -28.3034  
70.5833  90.9071  -18.6152  
60.2083  86.355  -20.1499  
51.0363  84.6331  -19.0018  
43.7924  84.551  -15.541  
39.1561  85.94  -11.0856  
37.076  93.0124  1.58774  
24.4295  97.3894  35.5285  
41.866  102.24  0.258981  
48.3993  105.301  -2.86659  
56.9507  106.292  -5.29848  
64.6749  105.876  -7.42209  
70.1661  105.172  -8.47701  
73.8321  104.518  -9.78612  
26.5094  90.6543  58.3675  
70.047  137.603  -11.7059  
78.051  124.555  -24.8481  
77.862  141.357  -27.4703  
80.9874  142.89  -23.6779  
77.8461  141.138  -24.2057  
71.4684  138.517  -8.81617  
82.2637  143.936  -25.0587  
82.8694  143.824  -16.9887  
73.4286  100.179  -9.40629  
76.714  102.426  -12.4716  
78.6187  104.754  -15.7742  
43.8766  93.3627  -5.83395  
40.2461  90.1365  -5.89332  
93.8974  124.38  -30.4762  
136.943  100.007  -6.55143  
94.1891  143.265  -17.6042  
162.174  67.8267  8.00557  
116.897  104.641  -10.8572  
123.192  105.148  -10.203  
129.676  104.964  -8.64402  
139.255  100.758  -4.58709  
111.926  103.709  -10.2861  
129.41  90.0201  -17.6556  
121.877  90.6562  -17.8167  
135.994  90.8421  -15.199  
140.1  92.7139  -12.357  
143.745  103.141  -0.240941  
109.524  168.846  28.3094  
139.874  97.9369  -5.12049  
161.849  92.3755  24.0235  
151.37  97.6883  3.65127  
121.545  128.803  -4.55259  
95.9626  151.614  -5.16583  
95.3025  154.527  -0.0890452  
103.454  151.689  -0.904202  
108.484  151.549  4.74736  
101.625  153.796  2.42996  
106.367  153.115  7.27508  
117.168  155.358  20.039  
92.4091  143.594  -30.146  
93.4665  139.162  -34.0915  
149.055  87.0922  -14.0863  
108.966  116.046  -11.8778  
108.407  136.771  -16.0265  
109.049  133.197  -15.3479  
140.632  125.02  2.21282  
93.7751  131.619  -33.4806  
134.768  83.8848  -26.0485  
143.476  84.5895  -20.8242  
157.589  61.0651  -8.11962  
105.594  89.6414  -29.0234  
115.217  93.0317  -15.4592  
121.986  150.701  18.523  
149.372  133.499  68.3088  
103.737  139.68  -12.5239  
98.6941  141.544  -11.2824  
115.947  151.253  17.8435  
114.153  151.867  16.1316  
147.029  80.1547  -20.1328  
108.714  137.394  -11.5254  
122.635  85.0295  -29.0444  
124.007  80.492  -32.6301  
133.11  52.2775  -35.8216  
152.117  70.9334  -14.964  
127.553  66.8402  -34.612  
152.985  82.9191  -10.7452  
157.481  75.9928  -1.92904  
95.7404  153.247  -3.22651  
102.577  152.807  0.723434  
107.499  152.311  5.65272  
102.409  140.229  -10.5023  
115.002  151.572  16.9195  
111.959  154.68  14.7054  
113.333  152.126  16.0252  
100.257  140.77  -21.8908  
105.549  153.618  9.18235  
100.786  154.484  6.17842  
94.8372  155.313  4.01654  
96.8528  166.801  16.3679  
96.3767  165.484  8.60991  
96.2109  163.221  6.45469  
95.7514  160.776  6.433  
95.1441  158.714  5.38597  
105.716  155.903  10.2277  
106.968  156.626  10.7563  
108.368  157.737  10.9057  
109.428  158.834  12.7639  
115.059  146.481  3.97372  
158.74  107.85  61.3317  
109.154  154.271  13.6635  
110.605  154.452  14.1087  
96.3814  143.536  -10.0281  
107.105  139.257  -5.33887  
97.4817  142.621  -10.9477  
115.31  117.905  -8.23922  
125.889  120.802  -5.01249  
110.095  134.153  -10.8431  
148.694  55.7661  -23.1077  
142.707  67.6485  -25.6581  
137.359  79.0925  -27.6701  
111.862  159.886  18.7629  
108.011  82.5678  -34.7635  
111.069  66.9561  -39.1447  
115.093  50.3253  -42.4085  
135.575  103.437  -6.37241  
150.077  105.787  4.55272  
108.987  102.811  -10.0604  
145.807  93.6866  -7.48313  
104.63  113.859  -15.4257  
104.473  137.338  -22.949  
155.941  107.086  13.2053  
145.378  110.873  1.31254  
137.042  114.235  -3.16356  
124.6  114.156  -5.70751  
115.73  112.422  -7.85476  
109.651  110.832  -10.482  
95.7296  109.435  -25.4062  
154.034  118.125  17.365  
150.767  91.636  -5.67804  
90.6593  144.819  -26.019  
108.037  122.62  -11.769  
163.518  85.6449  42.4484  
105.023  109.089  -12.838  
110.983  132.764  -4.67514  
142.363  97.3485  -3.88291  
105.153  132.819  -22.1202  
154.868  120.234  66.2267  
109.7  100.97  -9.81495  
99.6034  131.962  -29.1829  
134.592  153.236  43.5886  
133.324  154.454  57.4362  
158.615  113.808  39.5856  
143.421  145.452  46.984  
160.152  83.1724  12.1363  
109.579  170.81  34.993  
90.2599  144.653  -16.687  
113.665  125.129  -7.68768  
156.417  96.7976  9.61421  
129.364  102.443  -9.47427  
123.482  102.592  -10.7641  
113.186  154.938  16.0872  
151.868  127.536  25.6841  
99.5835  174.431  40.7953  
115.44  166.692  47.8615  
123.114  161.705  51.9718  
118.28  101.939  -11.1245  
113.5  101.185  -10.5161  
110.699  101.003  -9.65663  
155.339  88.4138  -0.550257  
115.887  96.7332  -13.4953  
121.92  94.911  -14.8548  
127.873  94.7454  -14.5749  
133.395  95.4999  -12.7968  
136.633  96.6405  -10.5606  
163.988  75.6059  25.8242  
133.676  101.46  -7.86683  
109.122  145.529  -1.20892  
103.61  139.725  -15.529  
97.0468  146.616  -7.375  
125.305  159.919  42.1315  
117.584  165.246  39.2618  
99.9323  174.973  31.2225  
142  145.346  63.9844  
111.666  99.5049  -11.4525  
99.5748  118.94  -23.1761  
107.913  171.335  43.3265  
155.373  124.564  45.4507  
100.978  157.509  7.46364  
102.117  158.955  8.21377  
103.094  160.846  8.32978  
103.676  162.879  10.3163  
105.255  164.044  16.9821  
110.413  152.415  11.8506  
111.548  151.835  11.6991  
112.522  151.264  11.2026  
119.655  148.122  10.5411  
144.118  133.559  15.0295  
100.159  111.48  -20.1361  
105.259  97.6232  -15.5399  
109.31  97.7398  -13.146  
109.319  152.916  12.9707  
142.697  142.343  31.3265  
99.0514  98.8387  -22.9921  
107.82  166.25  22.9209  
94.7999  117.504  -28.837  
103.874  126.8  -19.2371  
98.3022  169.924  21.509  
121.342  156.039  24.6374  
116.286  135.692  -1.13627  
115.169  161.402  24.5224  
131.375  133.793  1.13446  
121.938  139.908  3.1093  
135.506  139.537  10.4233  
99.5434  173.286  25.2676  
107.611  127.815  -13.3094  
125.057  157.674  32.3074  
117.396  163.275  31.8113  
127.032  150.417  21.2809  
148.978  135.017  33.0562  
134.163  149.322  26.9408  
150.833  134.912  49.5078  
126.176  144.092  9.69275  
103.811  120.734  -17.1084  
102.193  140.087  -23.6412  
106.323  138.895  -15.9064  
99.2368  138.378  -28.8177  
111.048  92.4631  -19.4508  
122.017  88.968  -21.4871  
131.506  88.1151  -20.8167  
138.944  88.8096  -17.7494  
143.796  90.6319  -13.576  
146.013  97.623  -1.1421  
160.829  103.186  32.0779  
139.854  106.25  -2.26013  
132.814  108.684  -5.06152  
123.986  109.004  -7.12499  
116.142  108.003  -8.85953  
110.537  106.823  -9.58287  
106.724  105.802  -10.6879  
161.303  96.1796  53.5362  
106.275  139.013  -12.3278  
99.1311  125.396  -25.369  
97.2355  142.07  -27.8614  
94.3101  143.399  -23.8736  
97.5882  141.869  -24.5762  
104.961  139.815  -9.32201  
92.7689  144.309  -25.2226  
92.4418  144.138  -17.1331  
107.399  101.484  -10.3031  
103.84  103.42  -13.126  
101.529  105.599  -16.3622  
138.53  97.4487  -8.1681  
142.544  94.6422  -8.32086  
lm_2d, 468
1115  2594  
1112  2446  
1118  2456  
1058  2106  
1114  2369  
1120  2234  
1140  1845  
574  1634  
1152  1541  
1156  1408  
1184  842  
1115  2617  
1115  2636  
1117  2648  
1123  2704  
1122  2743  
1121  2784  
1121  2821  
1126  2839  
1114  2465  
1036  2427  
336  1064  
818  1740  
739  1741  
659  1729  
548  1644  
880  1732  
678  1474  
772  1498  
595  1477  
542  1502  
492  1680  
864  2828  
543  1595  
313  1472  
411  1575  
724  2146  
1009  2568  
1018  2618  
921  2561  
865  2552  
945  2599  
892  2581  
770  2600  
1048  2434  
1037  2358  
441  1392  
898  1947  
867  2298  
865  2236  
496  2056  
1046  2230  
611  1361  
507  1358  
386  955  
964  1503  
851  1549  
709  2518  
438  2178  
924  2354  
986  2392  
786  2538  
809  2551  
471  1278  
865  2307  
758  1400  
746  1322  
684  839  
433  1123  
727  1089  
403  1318  
372  1200  
1012  2596  
932  2581  
877  2567  
941  2365  
798  2545  
835  2598  
818  2556  
962  2377  
904  2591  
957  2611  
1027  2632  
1016  2822  
1014  2800  
1017  2763  
1025  2722  
1035  2688  
910  2627  
894  2637  
876  2653  
863  2669  
784  2456  
356  1737  
1116  2462  
870  2596  
852  2596  
1014  2428  
887  2341  
1001  2411  
818  1970  
683  2005  
854  2251  
494  878  
544  1080  
587  1276  
834  2682  
942  1380  
929  1113  
908  829  
588  1695  
413  1716  
915  1722  
475  1511  
952  1915  
912  2313  
346  1729  
459  1809  
555  1878  
710  1894  
823  1876  
899  1857  
1061  1852  
352  1918  
421  1470  
1073  2458  
898  2060  
319  1363  
956  1834  
849  2227  
514  1581  
911  2235  
389  1948  
909  1690  
976  2228  
574  2528  
601  2545  
325  1837  
474  2389  
340  1319  
869  2856  
1083  2456  
827  2094  
357  1553  
663  1686  
736  1696  
820  2601  
371  2080  
999  2938  
808  2770  
718  2676  
1169  1133  
1134  2975  
803  1691  
863  1686  
897  1688  
376  1411  
841  1609  
770  1569  
696  1556  
625  1560  
583  1575  
315  1193  
611  1664  
1118  2495  
858  2447  
923  2355  
1003  2480  
1148  1675  
683  2650  
776  2747  
983  2949  
509  2385  
887  1662  
1001  2007  
1129  2985  
897  2864  
353  2022  
965  2660  
949  2682  
936  2712  
928  2745  
913  2762  
849  2565  
833  2554  
821  2543  
732  2478  
449  2194  
1008  1881  
966  1641  
918  1637  
864  2575  
470  2343  
1037  1668  
883  2791  
1127  2107  
1059  1989  
1133  1985  
939  2134  
1126  2955  
1126  2895  
998  2870  
717  2602  
781  2269  
794  2699  
598  2217  
707  2333  
545  2307  
982  2923  
895  2148  
676  2619  
771  2721  
647  2503  
402  2210  
565  2471  
397  2202  
655  2398  
950  2032  
937  2362  
890  2337  
970  2337  
899  1545  
767  1468  
650  1438  
558  1437  
499  1460  
472  1581  
311  1655  
533  1738  
617  1790  
726  1806  
824  1799  
894  1787  
941  1776  
337  1541  
893  2339  
995  2117  
992  2403  
1032  2429  
992  2399  
911  2354  
1048  2446  
1056  2445  
936  1703  
978  1741  
1002  1780  
559  1587  
513  1532  
1197  2114  
1746  1700  
1200  2435  
2067  1153  
1490  1778  
1570  1787  
1653  1784  
1775  1712  
1427  1763  
1649  1530  
1553  1541  
1733  1544  
1786  1576  
1832  1753  
1396  2870  
1783  1664  
2063  1570  
1929  1660  
1549  2189  
1223  2577  
1215  2626  
1319  2578  
1383  2576  
1295  2614  
1356  2602  
1493  2641  
1178  2441  
1191  2365  
1900  1480  
1389  1972  
1382  2325  
1390  2264  
1793  2125  
1195  2237  
1718  1426  
1829  1438  
2009  1038  
1346  1523  
1469  1581  
1555  2561  
1904  2269  
1322  2374  
1258  2406  
1478  2571  
1455  2581  
1874  1362  
1386  2335  
1563  1445  
1581  1368  
1697  888  
1939  1205  
1626  1136  
1950  1409  
2007  1291  
1220  2605  
1307  2597  
1370  2589  
1305  2383  
1466  2576  
1427  2629  
1445  2586  
1278  2393  
1345  2611  
1285  2626  
1209  2640  
1234  2835  
1228  2813  
1226  2774  
1220  2733  
1213  2698  
1347  2650  
1363  2662  
1381  2681  
1395  2700  
1467  2490  
2023  1833  
1391  2622  
1410  2625  
1228  2440  
1365  2367  
1242  2424  
1470  2004  
1605  2053  
1403  2280  
1895  948  
1819  1150  
1751  1344  
1426  2718  
1377  1403  
1416  1138  
1467  855  
1728  1758  
1913  1798  
1389  1747  
1859  1592  
1334  1935  
1332  2334  
1988  1820  
1853  1884  
1747  1941  
1588  1940  
1475  1911  
1398  1884  
1220  1860  
1963  2008  
1922  1557  
1155  2461  
1377  2084  
2084  1455  
1339  1854  
1415  2256  
1815  1654  
1340  2257  
1974  2043  
1398  1716  
1269  2243  
1716  2605  
1699  2625  
2022  1934  
1828  2472  
2041  1413  
1397  2903  
1150  2459  
1449  2127  
1994  1645  
1649  1741  
1574  1744  
1443  2633  
1936  2168  
1269  2965  
1471  2833  
1569  2748  
1508  1732  
1447  1720  
1411  1717  
1980  1503  
1477  1644  
1554  1613  
1630  1610  
1700  1623  
1742  1642  
2090  1285  
1704  1724  
1391  2473  
1321  2375  
1237  2492  
1597  2718  
1499  2809  
1274  2974  
1810  2470  
1423  1691  
1269  2021  
1375  2912  
1981  2117  
1287  2677  
1301  2702  
1314  2734  
1321  2768  
1341  2788  
1407  2591  
1422  2581  
1434  2571  
1525  2518  
1837  2270  
1277  1895  
1342  1659  
1393  1661  
1393  2599  
1819  2419  
1262  1680  
1374  2826  
1208  1997  
1324  2155  
1253  2888  
1547  2652  
1482  2306  
1468  2743  
1675  2274  
1554  2378  
1727  2372  
1269  2945  
1372  2172  
1594  2680  
1496  2775  
1619  2557  
1899  2295  
1710  2538  
1923  2293  
1608  2449  
1323  2052  
1302  2381  
1355  2361  
1265  2352  
1415  1571  
1555  1512  
1676  1497  
1771  1509  
1833  1540  
1861  1659  
2050  1754  
1783  1806  
1693  1847  
1580  1853  
1480  1836  
1409  1815  
1360  1798  
2056  1635  
1355  2363  
1263  2131  
1239  2415  
1202  2437  
1244  2411  
1338  2376  
1182  2453  
1178  2450  
1369  1725  
1323  1758  
1294  1795  
1766  1656  
1817  1608  
leftEyeRefinePts, 71
493  1639  
524  1663  
565  1683  
623  1701  
705  1711  
778  1707  
843  1694  
880  1690  
896  1692  
516  1654  
549  1669  
600  1687  
678  1702  
753  1702  
826  1692  
872  1690  
471  1611  
501  1673  
545  1714  
622  1745  
706  1757  
791  1753  
859  1734  
898  1717  
924  1695  
479  1549  
516  1514  
573  1489  
661  1490  
757  1517  
838  1565  
908  1639  
440  1605  
458  1702  
494  1753  
579  1798  
689  1815  
793  1807  
871  1786  
922  1769  
963  1731  
450  1521  
475  1457  
538  1428  
632  1426  
750  1455  
886  1535  
954  1634  
392  1602  
404  1480  
424  1378  
489  1334  
593  1327  
740  1361  
348  1591  
389  1736  
426  1816  
518  1874  
672  1890  
789  1873  
872  1850  
934  1820  
984  1763  
366  1434  
392  1316  
458  1257  
572  1244  
731  1282  
931  1342  
950  1467  
1023  1650  
rightEyeRefinePts, 71
1781  1720  
1747  1742  
1708  1759  
1655  1773  
1581  1775  
1515  1762  
1456  1739  
1422  1728  
1407  1725  
1757  1727  
1727  1733  
1681  1738  
1614  1739  
1546  1728  
1478  1717  
1431  1718  
1815  1695  
1776  1752  
1730  1788  
1656  1809  
1577  1814  
1498  1801  
1435  1772  
1398  1750  
1377  1724  
1812  1636  
1777  1600  
1724  1569  
1642  1557  
1553  1567  
1474  1604  
1400  1670  
1862  1687  
1829  1779  
1780  1828  
1691  1863  
1583  1869  
1486  1849  
1414  1819  
1366  1794  
1329  1751  
1856  1607  
1828  1545  
1765  1511  
1672  1495  
1557  1506  
1423  1566  
1350  1656  
1928  1681  
1922  1563  
1904  1463  
1831  1414  
1723  1391  
1570  1406  
2001  1668  
1906  1813  
1841  1894  
1734  1944  
1583  1942  
1475  1912  
1397  1878  
1338  1842  
1295  1780  
1986  1514  
1960  1401  
1884  1337  
1758  1311  
1586  1331  
1379  1368  
1352  1487  
1265  1665  
lipRefinePts, 80
812  2576  
847  2619  
890  2667  
954  2722  
1035  2761  
1133  2776  
1230  2764  
1312  2726  
1377  2671  
1422  2621  
1458  2579  
856  2587  
903  2600  
959  2610  
1037  2613  
1132  2635  
1228  2613  
1310  2608  
1367  2599  
1413  2587  
839  2591  
889  2612  
931  2630  
986  2650  
1053  2668  
1133  2679  
1214  2668  
1280  2650  
1335  2630  
1378  2613  
1429  2593  
889  2613  
931  2631  
986  2651  
1052  2668  
1132  2679  
1213  2668  
1280  2650  
1336  2630  
1378  2613  
821  2581  
859  2617  
901  2654  
961  2695  
1038  2731  
1133  2746  
1229  2734  
1306  2698  
1366  2656  
1409  2618  
1448  2584  
865  2595  
911  2610  
967  2624  
1040  2636  
1132  2652  
1226  2636  
1302  2623  
1357  2609  
1403  2595  
830  2586  
874  2614  
917  2640  
972  2670  
1044  2698  
1133  2711  
1222  2699  
1295  2672  
1351  2641  
1395  2616  
1439  2589  
877  2604  
922  2622  
976  2639  
1045  2655  
1132  2668  
1220  2655  
1291  2638  
1346  2621  
1391  2604  
pose, 1 line
9.63668  0.895807  2.50013  
