lm_3d, 468
95.2778  147.928  -15.815  
95.4207  132.118  -38.0357  
95.0321  136.699  -18.5016  
87.4762  112.153  -31.7759  
95.0235  126.401  -41.3438  
94.4388  118.36  -39.6552  
93.1206  97.9163  -23.5531  
38.7094  93.9455  2.55759  
92.4287  81.1488  -20.5154  
92.1376  73.1228  -23.3294  
90.6104  42.8435  -21.8229  
95.337  149.986  -14.1802  
95.3935  151.954  -11.424  
95.4687  153.268  -7.04894  
95.889  151.929  -6.84476  
96.0642  154.289  -6.75846  
96.2647  157.062  -8.01667  
96.5265  159.819  -6.99796  
96.9369  163.718  -0.384334  
95.4717  134.691  -33.8735  
87.717  134.333  -24.0317  
13.7332  67.6267  31.3873  
61.1668  98.3903  -3.80962  
54.0177  98.9857  -3.2577  
46.7615  99.0039  -1.37756  
36.0672  95.5198  4.04792  
66.8215  97.3404  -2.70233  
48.5844  82.1655  -8.35402  
57.0967  83.1307  -8.13037  
40.6654  82.9981  -5.87211  
35.5534  85.2879  -2.86894  
31.3195  98.7452  8.1202  
71.1991  169.725  10.2203  
35.6294  92.1883  4.71036  
13.1048  92.8958  38.3714  
23.444  93.8353  14.3767  
55.9851  123.018  -6.13767  
85.4561  146.557  -15.395  
86.4793  151.381  -10.6854  
76.3864  147.86  -11.021  
70.3698  149.047  -5.26358  
79.0079  151.143  -7.94515  
73.3534  151.068  -2.86641  
61.22  155.175  7.88852  
89.192  131.93  -37.6087  
87.6388  126.295  -40.6677  
25.8682  78.9669  -2.09406  
70.5646  109.087  -9.16372  
70.3082  128.583  -20.5218  
69.531  125.164  -18.8237  
34.4983  121.143  2.54612  
87.4157  118.798  -37.6237  
42.35  73.8914  -14.4983  
32.3338  75.189  -8.80661  
18.9898  58.1925  15.7185  
75.0835  80.0056  -19.1026  
64.3784  85.8379  -5.65336  
54.9791  150.49  8.26212  
25.1127  142.275  69.6909  
76.2044  132.149  -17.3234  
82.3696  133.952  -16.9738  
62.6427  150.629  7.79864  
64.6587  150.791  5.90107  
28.713  71.0929  -6.38106  
70.0209  130.466  -16.1057  
56.049  74.9941  -18.164  
54.6931  70.2085  -20.5856  
46.2275  45.7308  -13.3663  
24.3606  64.752  2.74771  
51.7237  58.0515  -17.5161  
21.9662  75.8339  3.19626  
18.2506  72.2083  15.9425  
85.7873  149.174  -13.8145  
77.6344  149.576  -9.65852  
71.793  150.063  -4.57122  
77.8583  133.016  -15.2886  
63.692  150.706  6.80373  
67.7006  151.999  3.03881  
65.6797  150.875  5.77107  
80.3199  131.246  -27.5647  
74.603  151.842  -1.05411  
80.2565  152.197  -4.15416  
87.2622  152.794  -6.52801  
86.9285  163.662  -0.164858  
86.8084  159.427  -6.81734  
86.8128  156.538  -7.74888  
87.1858  153.778  -6.34583  
87.8502  151.582  -6.33259  
75.03  150.99  -0.863932  
73.7063  152.013  -1.31318  
72.2308  153.46  -2.14684  
71.15  155.043  -0.703298  
62.8104  142.891  -4.31188  
15.4262  115.046  73.8101  
95.2888  135.752  -23.8963  
70.6362  150.905  2.9384  
69.1781  151.401  2.77445  
84.9968  136.026  -16.8548  
72.4083  133.261  -10.2247  
83.7597  135.03  -17.0898  
63.141  111.86  -6.22004  
51.2308  115.292  -3.66095  
68.4129  127.21  -14.3631  
29.1138  50.8094  0.0535356  
34.9094  59.8267  -8.19053  
39.7547  69.1113  -14.4126  
68.2499  158.674  4.76444  
72.6324  72.3323  -23.2576  
70.0506  58.007  -22.4067  
66.1646  43.3129  -20.6326  
40.0758  97.8679  1.4633  
24.4153  102.302  12.5052  
70.3242  96.2216  -1.87826  
29.0935  87.1681  3.0884  
75.6405  105.859  -12.1704  
75.0495  127.258  -27.9552  
17.6995  105.228  21.01  
29.2277  106.858  6.87469  
38.5138  109.482  0.76954  
52.6132  108.774  -2.02142  
62.7307  106.622  -3.73302  
69.9291  104.35  -5.8375  
85.7475  99.2237  -20.8276  
19.1716  117.104  21.2949  
24.016  85.7701  5.93621  
91.6399  134.526  -33.6141  
71.4566  115.297  -11.2927  
11.6423  90.5126  62.5234  
75.3366  101.78  -7.29872  
67.6049  126.919  -7.2282  
32.7362  91.8558  6.05562  
74.2617  123.044  -25.791  
19.3136  128.286  73.5625  
69.751  94.3891  -0.623472  
80.676  120.322  -33.1904  
40.1924  157.584  33.7351  
42.4791  161.682  48.688  
14.6371  116.473  46.9649  
30.4404  150.26  40.9433  
15.3587  81.7852  28.9033  
71.2032  173.098  15.581  
92.1458  135.584  -23.4981  
64.9915  118.938  -8.04404  
18.1958  94.2502  21.2765  
46.9425  95.7751  -1.32535  
53.5865  95.7988  -2.86817  
66.3485  152.721  4.35035  
21.429  128.043  26.2141  
85.061  178.788  20.3719  
63.9336  172.081  32.3763  
54.3537  167.964  39.4925  
91.4431  58.1236  -23.4119  
99.0212  179.828  19.0352  
59.5957  95.2365  -3.07106  
64.9949  94.6401  -2.0466  
68.3368  94.4948  -0.610036  
19.5395  83.9366  12.6654  
63.4124  90.5242  -4.11681  
57.096  88.7478  -5.50301  
50.5177  88.3395  -5.29822  
43.9529  89.0344  -3.53848  
39.8099  90.3386  -1.2187  
11.5025  77.9088  48.2444  
42.2139  95.0591  0.74392  
95.1229  140.211  -16.154  
69.8862  140.659  -9.06922  
76.3071  131.546  -20.1618  
84.2817  140.145  -15.7181  
92.6701  89.1752  -19.5378  
50.9339  163.86  28.6224  
60.8177  168.373  22.6566  
83.6758  176.894  9.56244  
32.9289  153.696  60.0904  
67.7146  92.9604  -2.09074  
81.1402  108.65  -21.8036  
98.5323  177.702  8.56685  
73.8767  175.892  24.9344  
17.8818  128.518  48.5446  
80.8426  151.189  -3.98135  
79.6611  152.852  -4.295  
78.7108  155.092  -5.43048  
78.234  157.681  -4.27835  
76.6747  161.693  1.4546  
68.7259  151.005  1.73885  
67.1763  150.517  1.59697  
65.8497  149.954  1.26318  
57.5438  146.287  1.6582  
30.1425  132.314  12.5272  
80.7239  102.231  -16.0343  
75.3164  90.1276  -6.10691  
70.6939  90.7659  -3.4543  
70.3306  151.525  2.79016  
31.2542  144.314  25.9682  
82.3539  90.1306  -15.0304  
73.3758  165.874  6.11639  
93.9715  111.476  -34.0604  
86.5504  106.123  -27.1232  
93.5854  105.082  -28.6937  
76.0289  117.488  -20.3435  
98.1221  174.156  3.43816  
97.4729  168.911  1.79634  
85.206  168.643  2.8448  
55.6132  156.908  12.2185  
61.5017  130.707  -4.8515  
63.8025  162.021  9.63802  
44.7635  129.132  -2.22971  
54.9967  135.689  -2.44247  
39.5725  137.24  5.15743  
83.762  173.569  4.73461  
71.6268  120.184  -14.6585  
51.1253  159.755  19.5181  
61.0826  164.886  16.0864  
48.7399  150.722  11.2894  
24.3434  137.114  30.7884  
40.5724  150.744  18.0483  
22.5118  139.711  48.165  
50.0238  141.974  2.53263  
76.3206  111.906  -16.1521  
77.877  130.206  -29.2344  
72.9185  130.758  -20.976  
81.0745  126.699  -34.5908  
68.986  84.3821  -9.30063  
56.7426  80.2085  -11.0924  
45.9691  79.116  -10.5963  
37.208  79.9872  -7.58053  
31.3824  82.6101  -3.12713  
28.9228  92.8098  9.04213  
12.9662  104.68  42.9834  
35.3135  101.511  4.83425  
43.2796  103.473  0.94921  
53.1749  103.414  -1.62787  
62.1439  102.116  -3.19221  
68.7404  100.576  -3.21029  
73.2952  99.1029  -3.89739  
13.3592  102.552  70.4353  
72.9942  131.806  -17.1599  
81.4442  114.298  -26.4898  
83.6134  131.048  -34.5254  
87.5459  133.596  -30.8844  
83.5417  131.81  -30.8888  
74.8296  133.154  -14.313  
89.1818  134.182  -32.6605  
89.6377  135.174  -23.7446  
72.4688  94.6713  -1.4151  
76.768  96.2301  -5.3052  
79.4448  97.5843  -9.83197  
37.3894  91.3763  1.37746  
32.5413  88.0017  1.39083  
100.556  112.135  -31.2744  
145.746  93.7514  6.18735  
102.763  134.2  -23.6539  
167.881  67.5048  36.2188  
124.47  98.3501  -1.52836  
131.514  98.8866  -0.485717  
138.536  98.8418  1.8524  
148.252  95.3397  7.86552  
118.603  97.2651  -0.947249  
136.171  82.1872  -5.41827  
127.715  83.0406  -5.83776  
143.748  83.0616  -2.4486  
148.554  85.3509  0.809279  
153.372  98.5622  12.2711  
123.743  169.811  12.1833  
148.571  92.0389  8.47736  
170.405  92.4986  44.2862  
160.559  93.682  19.0793  
132.225  122.946  -3.59547  
104.996  146.49  -14.7007  
104.146  151.343  -10.0016  
114.049  147.831  -9.51755  
119.962  149.067  -3.16298  
111.445  151.074  -6.60736  
117.035  151.057  -1.04834  
130.199  155.074  10.6376  
101.588  131.872  -37.2717  
102.301  126.264  -40.308  
157.631  79.2834  2.29824  
116.506  108.994  -7.60874  
119.086  128.537  -19.0681  
119.418  125.116  -17.3308  
152.929  120.917  6.72671  
101.473  118.739  -37.1388  
141.59  74.0112  -11.5353  
151.345  75.4642  -5.01915  
162.219  58.2376  19.9672  
109.565  79.9114  -18.1905  
120.417  85.7454  -3.84305  
135.414  150.309  11.6216  
162.427  141.518  74.5265  
113.489  132.092  -16.1549  
107.652  133.927  -16.3962  
127.886  150.573  10.7802  
125.894  150.743  8.55464  
154.512  71.4173  -2.29437  
119.252  130.5  -14.6593  
128.228  74.9651  -16.1386  
129.173  70.1568  -18.4875  
134.434  45.855  -10.8322  
158.076  64.8692  7.36502  
130.806  58.0182  -15.002  
161.166  76.1103  7.93661  
164.34  72.2039  21.2255  
104.755  149.168  -13.1134  
112.813  149.548  -8.26244  
118.606  150.05  -2.65742  
111.828  133.004  -14.3963  
126.835  150.659  9.58789  
123.262  152.038  5.31672  
124.818  150.83  8.34881  
110.023  131.118  -26.5752  
115.804  151.777  0.699691  
110.265  152.154  -2.87683  
103.471  152.741  -5.8011  
106.798  163.628  0.49521  
106.023  159.44  -6.05551  
105.545  156.547  -6.95965  
104.725  153.801  -5.56837  
103.724  151.595  -5.59166  
115.975  150.988  0.863318  
117.521  152.027  0.44865  
119.23  153.497  -0.385366  
120.622  155.091  1.17408  
127.034  142.792  -1.98106  
168.932  114.492  78.9272  
120.068  150.887  5.17184  
121.668  151.435  4.97432  
105.162  136.06  -16.3098  
117.008  133.371  -9.04997  
106.4  135.034  -16.543  
124.097  111.777  -4.10756  
136.201  115.204  -0.719455  
120.502  127.214  -12.7908  
151.764  50.8471  3.52716  
147.415  59.9194  -4.50861  
143.733  69.2706  -11.2466  
124.024  158.581  6.96707  
111.532  72.2657  -22.2295  
112.699  57.9934  -21.1106  
114.69  43.3895  -19.342  
144.694  97.6889  5.11043  
160.369  102.132  17.1743  
114.851  96.1401  -0.307809  
154.652  87.2131  7.28231  
111.215  105.775  -10.9757  
114.746  127.189  -26.7592  
167.052  104.981  26.4184  
156.346  106.684  11.3179  
147.88  109.36  4.54759  
134.132  108.686  0.83367  
123.932  106.519  -1.62819  
116.58  104.253  -4.2549  
100.552  99.1615  -20.3302  
166.708  116.709  26.7954  
159.555  85.8037  10.6106  
99.3151  134.469  -33.3505  
116.355  115.215  -9.78383  
170.94  89.9645  67.8053  
110.924  101.669  -6.10445  
121.071  126.949  -5.6612  
151.291  91.773  10.0166  
114.896  122.977  -24.6067  
166.409  127.693  78.619  
115.085  94.3156  1.04254  
108.333  120.266  -32.3161  
150.826  156.959  38.1854  
149.073  161.167  52.695  
170.477  115.864  53.0194  
158.863  149.405  46.0969  
167.592  81.5642  34.5938  
124.604  173.278  17.7145  
98.4376  135.539  -23.3132  
123.013  118.916  -6.1361  
165.617  94.0191  26.5378  
138.019  95.6018  1.81941  
131.641  95.7207  -0.113097  
124.743  152.762  6.78412  
165.473  127.431  31.6291  
112.713  178.88  21.4  
131.469  172.215  35.1034  
139.365  167.865  42.8828  
125.733  95.2068  -0.70095  
120.145  94.5803  -0.0101857  
116.622  94.4357  1.19985  
163.8  83.8881  17.7489  
121.651  90.376  -2.01843  
128.154  88.6411  -3.04024  
134.672  88.3087  -2.44085  
140.968  89.0385  -0.28753  
144.81  90.3143  2.267  
170.383  77.6076  53.4154  
142.474  94.8539  4.19404  
120.099  140.615  -7.30101  
113.528  131.446  -19.1184  
106.02  140.17  -14.9951  
141.793  163.608  32.2619  
133.537  168.448  25.5121  
113.035  176.987  10.6939  
156.554  152.884  64.5937  
117.177  92.8665  -0.218794  
106.26  108.592  -20.9963  
122.971  176.083  26.9509  
168.276  127.798  54.505  
110.437  151.178  -2.66318  
111.936  152.889  -2.95393  
113.247  155.14  -4.04917  
114.198  157.705  -2.86992  
116.439  161.623  3.03115  
121.582  150.977  4.11112  
123.128  150.48  4.16704  
124.395  149.937  4.00093  
132.416  146.145  4.70905  
157.785  131.765  17.2498  
105.812  102.167  -15.204  
109.606  89.9676  -5.0056  
114.154  90.6407  -1.92298  
120.041  151.449  5.03077  
157.564  143.514  30.8562  
102.822  90.0496  -14.4261  
120.534  165.869  7.85538  
100.643  106.071  -26.7009  
112.319  117.468  -19.26  
109.516  168.67  3.63595  
135.834  156.662  15.3183  
127.344  130.645  -2.74736  
128.985  161.904  12.0693  
143.728  128.919  1.14533  
134.131  135.537  0.318915  
149.3  136.837  9.11826  
112.083  173.619  5.77602  
116.799  120.094  -13.3145  
140.903  159.437  23.022  
132.473  164.829  18.7398  
141.613  150.373  15.0798  
163.354  136.327  36.1246  
149.556  150.114  22.3048  
165.019  138.889  53.9305  
139.466  141.716  5.9238  
111.285  111.865  -15.0071  
112.306  130.105  -28.1572  
116.773  130.706  -19.7419  
108.938  126.613  -33.673  
115.649  84.2708  -7.78156  
127.779  80.1903  -8.90467  
138.445  79.164  -7.76185  
146.891  80.1775  -4.0783  
152.455  82.7796  0.814811  
155.055  92.6806  13.3278  
171.324  104.209  49.0934  
149.822  101.343  8.71078  
142.546  103.322  4.34768  
132.929  103.288  1.1394  
123.963  102.031  -1.0448  
117.196  100.487  -1.62823  
112.464  98.9901  -2.64676  
170.095  101.984  75.6902  
116.524  131.77  -15.9504  
106.715  114.27  -25.6657  
107.027  130.932  -33.8354  
103.234  133.509  -30.4769  
107.097  131.66  -30.1931  
114.694  133.185  -13.2856  
101.685  134.127  -32.3274  
100.921  135.08  -23.4586  
112.521  94.5568  -0.0486637  
108.646  96.1002  -4.32659  
106.389  97.4747  -9.00226  
147.038  91.3085  4.98609  
151.382  88.0153  5.31907  
lm_2d, 468
1984  4622  
1987  4128  
1979  4271  
1822  3504  
1979  3950  
1967  3698  
1940  3059  
806  2935  
1925  2535  
1919  2285  
1887  1338  
1986  4687  
1987  4748  
1988  4789  
1997  4747  
2001  4821  
2005  4908  
2010  4994  
2019  5116  
1988  4209  
1827  4197  
286  2113  
1274  3074  
1125  3093  
974  3093  
751  2984  
1392  3041  
1012  2567  
1189  2597  
847  2593  
740  2665  
652  3085  
1483  5303  
742  2880  
273  2902  
488  2932  
1166  3844  
1780  4579  
1801  4730  
1591  4620  
1466  4657  
1645  4723  
1528  4720  
1275  4849  
1858  4122  
1825  3946  
538  2467  
1470  3408  
1464  4018  
1448  3911  
718  3785  
1821  3712  
882  2309  
673  2349  
395  1818  
1564  2500  
1341  2682  
1145  4702  
523  4446  
1587  4129  
1716  4186  
1305  4707  
1347  4712  
598  2221  
1458  4077  
1167  2343  
1139  2194  
963  1429  
507  2023  
1077  1814  
457  2369  
380  2256  
1787  4661  
1617  4674  
1495  4689  
1622  4156  
1326  4709  
1410  4749  
1368  4714  
1673  4101  
1554  4745  
1672  4756  
1817  4774  
1811  5114  
1808  4982  
1808  4891  
1816  4805  
1830  4736  
1563  4718  
1535  4750  
1504  4795  
1482  4845  
1308  4465  
321  3595  
1985  4242  
1471  4715  
1441  4731  
1770  4250  
1508  4164  
1744  4219  
1315  3495  
1067  3602  
1425  3975  
606  1587  
727  1869  
828  2159  
1421  4958  
1513  2260  
1459  1812  
1378  1353  
834  3058  
508  3196  
1465  3006  
606  2724  
1575  3308  
1563  3976  
368  3288  
608  3339  
802  3421  
1096  3399  
1306  3331  
1456  3260  
1786  3100  
399  3659  
500  2680  
1909  4203  
1488  3603  
242  2828  
1569  3180  
1408  3966  
682  2870  
1547  3845  
402  4008  
1453  2949  
1680  3760  
837  4924  
884  5052  
304  3639  
634  4695  
319  2555  
1483  5409  
1919  4237  
1353  3716  
379  2945  
977  2992  
1116  2993  
1382  4772  
446  4001  
1772  5587  
1331  5377  
1132  5248  
1905  1816  
2062  5619  
1241  2976  
1354  2957  
1423  2952  
407  2623  
1321  2828  
1189  2773  
1052  2760  
915  2782  
829  2823  
239  2434  
879  2970  
1981  4381  
1455  4395  
1589  4110  
1755  4379  
1930  2786  
1061  5120  
1267  5261  
1743  5527  
686  4802  
1410  2905  
1690  3395  
2052  5553  
1539  5496  
372  4016  
1684  4724  
1659  4776  
1639  4846  
1629  4927  
1597  5052  
1431  4718  
1399  4703  
1371  4686  
1198  4571  
627  4134  
1681  3194  
1569  2816  
1472  2836  
1465  4735  
651  4509  
1715  2816  
1528  5183  
1957  3483  
1803  3316  
1949  3283  
1583  3671  
2044  5442  
2030  5278  
1775  5270  
1158  4903  
1281  4084  
1329  5063  
932  4035  
1145  4240  
824  4288  
1745  5424  
1492  3755  
1065  4992  
1272  5152  
1015  4710  
507  4284  
845  4710  
468  4365  
1042  4436  
1590  3497  
1622  4068  
1519  4086  
1689  3959  
1437  2636  
1182  2506  
957  2472  
775  2499  
653  2581  
602  2900  
270  3271  
735  3172  
901  3233  
1107  3231  
1294  3191  
1432  3142  
1526  3096  
278  3204  
1520  4118  
1696  3571  
1741  4095  
1823  4174  
1740  4119  
1558  4161  
1857  4193  
1867  4224  
1509  2958  
1599  3007  
1655  3049  
778  2855  
677  2750  
2094  3504  
3036  2929  
2140  4193  
3497  2109  
2593  3073  
2739  3090  
2886  3088  
3088  2979  
2470  3039  
2836  2568  
2660  2595  
2994  2595  
3094  2667  
3195  3080  
2577  5306  
3095  2876  
3550  2890  
3344  2927  
2754  3842  
2187  4577  
2169  4729  
2376  4619  
2499  4658  
2321  4721  
2438  4720  
2712  4846  
2116  4120  
2131  3945  
3283  2477  
2427  3406  
2480  4016  
2487  3909  
3186  3778  
2114  3710  
2949  2312  
3153  2358  
3379  1819  
2282  2497  
2508  2679  
2821  4697  
3383  4422  
2364  4127  
2242  4185  
2664  4705  
2622  4710  
3218  2231  
2484  4078  
2671  2342  
2691  2192  
2800  1432  
3293  2027  
2725  1813  
3357  2378  
3423  2256  
2182  4661  
2350  4673  
2470  4689  
2329  4156  
2642  4708  
2567  4751  
2600  4713  
2292  4097  
2412  4743  
2297  4754  
2155  4773  
2224  5113  
2208  4982  
2198  4892  
2181  4806  
2160  4737  
2416  4718  
2448  4750  
2483  4796  
2512  4846  
2646  4462  
3519  3577  
2501  4715  
2534  4732  
2190  4251  
2437  4167  
2216  4219  
2585  3493  
2837  3600  
2510  3975  
3161  1588  
3071  1872  
2994  2164  
2583  4955  
2323  2258  
2347  1812  
2389  1355  
3014  3052  
3341  3191  
2392  3004  
3221  2725  
2316  3305  
2390  3974  
3480  3280  
3257  3333  
3080  3417  
2794  3396  
2581  3328  
2428  3257  
2094  3098  
3473  3647  
3324  2681  
2069  4202  
2424  3600  
3561  2811  
2310  3177  
2522  3967  
3151  2867  
2393  3843  
3466  3990  
2397  2947  
2256  3758  
3142  4904  
3105  5036  
3551  3620  
3309  4668  
3491  2548  
2595  5414  
2050  4235  
2562  3716  
3450  2938  
2875  2987  
2742  2991  
2598  4773  
3447  3982  
2348  5589  
2738  5381  
2903  5245  
2619  2975  
2503  2955  
2429  2951  
3412  2621  
2534  2824  
2669  2770  
2805  2759  
2936  2782  
3016  2822  
3549  2425  
2968  2964  
2502  4394  
2365  4107  
2208  4380  
2954  5112  
2782  5264  
2354  5530  
3261  4777  
2441  2902  
2213  3393  
2561  5502  
3505  3993  
2300  4724  
2332  4777  
2359  4848  
2379  4928  
2425  5050  
2532  4718  
2565  4702  
2591  4685  
2758  4567  
3287  4117  
2204  3192  
2283  2811  
2378  2832  
2500  4732  
3282  4484  
2142  2814  
2511  5183  
2096  3314  
2339  3670  
2281  5270  
2829  4895  
2653  4082  
2687  5059  
2994  4028  
2794  4235  
3110  4276  
2335  5425  
2433  3752  
2935  4982  
2759  5150  
2950  4699  
3403  4260  
3115  4691  
3437  4340  
2905  4428  
2318  3495  
2339  4065  
2432  4084  
2269  3956  
2409  2633  
2662  2505  
2884  2473  
3060  2505  
3176  2586  
3230  2896  
3569  3256  
3121  3166  
2969  3228  
2769  3227  
2582  3188  
2441  3140  
2342  3093  
3543  3186  
2427  4117  
2223  3570  
2229  4091  
2150  4172  
2231  4114  
2389  4162  
2118  4191  
2102  4221  
2344  2954  
2263  3003  
2216  3046  
3063  2853  
3153  2750  
leftEyeRefinePts, 71
752  3136  
815  3159  
889  3172  
987  3182  
1122  3179  
1233  3158  
1329  3131  
1388  3124  
1417  3127  
797  3151  
858  3165  
949  3178  
1072  3180  
1186  3164  
1303  3136  
1378  3125  
683  3095  
743  3190  
827  3237  
967  3260  
1113  3266  
1255  3243  
1364  3198  
1429  3163  
1472  3115  
698  2967  
774  2876  
875  2812  
1023  2793  
1176  2815  
1310  2883  
1435  3012  
597  3086  
643  3234  
726  3310  
888  3348  
1083  3360  
1264  3327  
1397  3275  
1486  3225  
1556  3138  
619  2911  
683  2763  
814  2676  
988  2654  
1188  2686  
1415  2807  
1531  2967  
475  3087  
501  2842  
550  2625  
704  2509  
915  2466  
1190  2495  
354  3093  
508  3306  
615  3419  
800  3473  
1070  3474  
1274  3425  
1423  3360  
1535  3282  
1619  3160  
391  2773  
453  2514  
618  2366  
861  2299  
1169  2329  
1511  2391  
1552  2643  
1687  2949  
rightEyeRefinePts, 71
3080  3052  
3026  3076  
2960  3096  
2870  3114  
2741  3123  
2624  3110  
2517  3080  
2454  3067  
2421  3063  
3032  3063  
2973  3074  
2885  3085  
2763  3094  
2649  3084  
2535  3059  
2458  3052  
3141  3014  
3092  3113  
3016  3167  
2887  3196  
2746  3212  
2603  3198  
2486  3148  
2415  3104  
2366  3050  
3118  2883  
3040  2791  
2940  2726  
2792  2710  
2642  2738  
2513  2812  
2395  2943  
3229  3015  
3197  3167  
3121  3247  
2968  3296  
2777  3315  
2595  3288  
2454  3232  
2359  3175  
2285  3082  
3195  2835  
3125  2686  
2996  2601  
2825  2575  
2627  2612  
2406  2740  
2302  2904  
3352  3020  
3305  2777  
3240  2556  
3089  2436  
2883  2389  
2614  2426  
3482  3026  
3342  3246  
3247  3367  
3068  3433  
2797  3439  
2591  3392  
2434  3323  
2318  3238  
2228  3110  
3412  2715  
3328  2455  
3167  2296  
2926  2225  
2629  2261  
2290  2331  
2262  2587  
2154  2893  
lipRefinePts, 80
1366  4962  
1424  5007  
1501  5061  
1625  5138  
1791  5216  
2001  5248  
2211  5224  
2390  5156  
2509  5078  
2570  5016  
2614  4961  
1419  4940  
1504  4929  
1610  4921  
1784  4910  
1993  4948  
2199  4910  
2377  4917  
2482  4928  
2559  4938  
1432  4965  
1525  4973  
1602  4988  
1700  5014  
1831  5047  
1992  5069  
2154  5051  
2288  5026  
2391  5003  
2463  4988  
2540  4970  
1526  4975  
1605  4996  
1706  5021  
1839  5049  
1996  5071  
2151  5054  
2282  5030  
2388  5008  
2463  4988  
1394  4967  
1458  5001  
1530  5040  
1640  5098  
1794  5165  
1998  5194  
2199  5171  
2361  5111  
2474  5055  
2535  5010  
2587  4968  
1453  4959  
1542  4959  
1646  4964  
1799  4972  
1993  4995  
2185  4971  
2344  4963  
2448  4960  
2527  4961  
1416  4968  
1490  4989  
1566  5013  
1665  5052  
1808  5100  
1995  5126  
2180  5106  
2329  5066  
2434  5028  
2500  5000  
2562  4970  
1493  4971  
1580  4984  
1681  4999  
1822  5020  
1994  5038  
2166  5023  
2309  5005  
2410  4992  
2491  4980  
pose, 1 line
5.10633  -1.11394  -1.29047  
