lm_3d, 468
93.7368  146.638  -10.3081  
95.8949  137.007  -34.297  
94.8807  138.662  -15.1257  
90.203  116.518  -31.3429  
96.184  131.961  -37.9819  
96.3054  123.786  -37.4534  
96.3788  101.428  -26.2296  
44.8041  91.7201  -2.97116  
96.87  84.9407  -25.9619  
97.2547  77.2456  -29.9032  
98.4198  44.0032  -32.8885  
93.5648  148.232  -8.59837  
93.3589  149.656  -5.99359  
93.2181  150.578  -1.67668  
93.1916  155.953  -0.199946  
93.1424  158.315  0.456168  
92.9958  161.053  -0.127493  
92.8166  163.559  1.82458  
92.5066  165.613  9.07648  
95.5998  138.633  -30.1595  
87.819  136.805  -21.0532  
21.0455  60.1304  18.5486  
65.9917  97.2941  -7.78935  
59.1421  97.5312  -7.42339  
52.1955  97.0709  -5.93304  
42.2176  92.5705  -1.37733  
71.5133  96.5821  -6.98742  
54.3675  81.9783  -13.912  
62.4355  83.1569  -13.6918  
47.0173  82.3108  -11.6715  
42.2264  83.9221  -8.7797  
37.3276  94.9608  2.68192  
67.9029  167.266  19.8312  
41.9144  89.5865  -1.2903  
19.2959  84.9736  29.1598  
29.734  89.3926  7.47127  
58.8685  121.292  -5.95468  
84.0747  145.31  -10.1981  
84.5199  148.927  -5.43826  
75.0691  145.677  -6.16217  
69.177  146.205  -0.503757  
77.2579  148.394  -2.95315  
71.8844  148.138  1.98242  
60.0913  151.998  13.8431  
90.0391  136.465  -33.9979  
89.3062  131.41  -37.4831  
33.259  77.8168  -9.84044  
73.8587  108.762  -11.0961  
71.8213  129.155  -18.7972  
71.4984  125.468  -17.5848  
38.7344  117.051  1.16038  
89.7263  123.738  -35.6966  
49.4354  75.2194  -21.81  
39.7211  75.4272  -16.6534  
26.6362  52.7092  2.91428  
80.7061  83.024  -24.9732  
69.3323  85.8848  -11.0504  
55.072  146.605  12.9989  
27.7131  130.535  66.9162  
76.7546  132.672  -15.279  
82.5449  134.929  -14.5084  
61.7496  147.897  12.5011  
63.7951  148.372  10.8295  
36.2899  70.8468  -15.0433  
71.1957  130.075  -14.3479  
62.7312  77.3028  -24.843  
61.7534  72.5263  -27.892  
54.8512  44.2657  -24.9761  
31.866  62.0393  -7.90824  
59.3797  58.5841  -27.3322  
29.5306  73.754  -5.55911  
25.5565  67.5108  5.10511  
84.1263  147.258  -8.47782  
76.0831  147.11  -4.63861  
70.4406  147.179  0.345046  
78.205  133.388  -13.3466  
62.796  148.167  11.6041  
66.1042  151.235  8.95254  
64.6975  148.54  10.7038  
81.1153  133.715  -25.1049  
73.0247  148.722  3.85186  
78.3756  149.194  0.822242  
85.1192  149.952  -1.33673  
82.6936  164.838  9.10763  
83.1983  162.611  1.77584  
83.6695  160.068  0.0615253  
84.4098  157.374  0.714747  
85.2613  155.245  0.141885  
73.2142  152.303  4.99401  
71.7985  153.073  5.11162  
70.0911  154.259  4.87295  
68.7663  155.466  6.53168  
63.2084  140.574  -0.596096  
20.4196  103.211  65.6836  
95.3211  138.769  -20.5655  
69.2877  150.738  8.36438  
67.6983  150.934  8.55531  
85.0098  137.112  -13.662  
72.9648  132.381  -8.17041  
83.82  136.101  -14.3611  
66.6621  110.518  -7.93508  
55.0995  113.031  -5.33479  
70.0851  126.681  -13.1286  
37.2332  47.2487  -12.1079  
42.5815  58.7672  -18.4669  
47.1936  70.1634  -22.5299  
65.9216  156.8  12.0655  
78.8756  75.6322  -29.9529  
77.2159  59.6137  -31.7338  
74.7141  43.3299  -31.775  
45.9054  95.35  -3.54597  
30.3993  97.5145  7.13647  
74.8323  95.8041  -6.42921  
35.978  84.8627  -3.51578  
78.9758  106.558  -14.3121  
76.7079  129.665  -25.8557  
23.8891  99.1322  15.4388  
34.9233  102.583  2.85982  
43.6177  106.078  -2.16026  
57.0128  106.551  -4.7081  
66.7751  105.173  -6.4233  
73.6663  103.719  -8.74241  
89.3182  102.07  -23.6446  
24.7497  110.561  17.6666  
31.0114  82.8329  -1.48631  
91.8718  138.29  -29.9806  
74.097  115.258  -12.0169  
17.8684  79.637  50.9656  
78.9743  102.032  -10.5958  
69.2668  125.575  -6.36933  
39.2075  88.9413  -0.0839227  
76.3938  125.029  -24.3543  
23.1738  116.34  67.9297  
74.2745  93.9605  -5.64574  
83.0084  124.072  -31.4543  
40.9667  150.205  37.9134  
41.9963  152.983  51.6317  
20.3059  107.532  41.1427  
32.7208  141.602  42.6237  
22.1648  75.2346  18.5065  
67.3551  170.327  25.7154  
92.2455  138.436  -20.2632  
67.5803  117.764  -8.42096  
24.577  88.6715  13.7294  
52.6609  94.3804  -6.18258  
58.9779  94.747  -7.50196  
64.6574  151.577  10.2279  
25.9799  120.818  24.2885  
79.0067  176.086  30.4044  
60.3167  166.898  39.4213  
52.0253  161.213  44.7427  
97.7819  60.6429  -32.4346  
91.8039  177.639  29.5326  
64.7066  94.3512  -7.68018  
69.9759  93.919  -6.79916  
73.0703  93.944  -5.62436  
26.6171  79.845  4.30866  
68.0358  89.5924  -9.32192  
61.8979  87.5244  -10.8921  
55.6657  86.9293  -10.7741  
49.6087  87.2868  -9.12678  
45.806  88.2486  -6.8415  
18.4614  68.6255  35.6768  
48.1368  93.2506  -4.4812  
94.4371  140.901  -12.0944  
70.1789  139.167  -5.55756  
76.9611  132.612  -18.2648  
83.9159  140.205  -11.6126  
96.508  92.2703  -23.8489  
50.0356  157.94  35.0489  
58.4316  164.014  30.9662  
78.4056  175.282  21.2644  
34.1767  143.142  60.0419  
72.3099  92.3974  -7.26968  
84.2356  111.261  -22.8504  
91.9084  176.853  20.8077  
69.0072  172.201  33.7306  
22.5474  119.117  44.9874  
78.6096  153.912  2.1637  
77.2555  155.409  2.49422  
75.9678  157.443  2.13712  
75.0902  159.695  3.78137  
73.2159  161.489  9.85674  
67.5077  148.114  6.49995  
66.0171  147.521  6.31723  
64.7879  146.827  5.89521  
57.8818  142.991  5.63722  
33.8609  126.611  12.4526  
84.2276  104.089  -18.5865  
79.8231  90.8525  -11.3406  
75.2371  90.7841  -8.83277  
68.8903  148.564  7.61792  
33.8887  137.135  27.4732  
86.6298  92.1629  -19.6006  
70.1546  164.035  15.1627  
96.315  116.338  -33.4094  
89.7321  109.779  -28.3115  
96.347  109.308  -29.7526  
78.4979  119.131  -20.1499  
92.1465  173.833  15.3097  
92.316  169.435  12.5477  
80.8313  168.372  13.2954  
55.1366  152.534  18.2939  
63.298  128.704  -3.54951  
61.8884  158.619  17.3657  
47.8406  126.32  -1.2784  
56.8624  133.203  -0.274082  
42.3912  132.904  7.0938  
79.0653  172.426  16.0337  
73.9011  120.34  -14.4201  
50.7468  154.611  25.6501  
59.1942  161.025  24.1236  
49.584  145.958  15.7528  
27.9693  129.287  30.3955  
42.0368  144.81  21.7999  
26.1478  130.241  46.9792  
51.5662  138.223  5.4115  
79.1709  113.203  -17.0477  
78.995  132.737  -26.8134  
73.9395  131.526  -18.9157  
82.78  130.681  -32.1043  
74.2018  85.6021  -14.9969  
62.7022  81.3015  -17.2234  
52.4618  79.732  -16.8845  
44.1137  79.8723  -14.0193  
38.4759  81.5479  -9.75206  
35.358  89.2936  2.60607  
19.0749  96.2609  35.4262  
41.1346  98.1265  0.207293  
48.5888  100.771  -3.01507  
58.0282  101.473  -5.18391  
66.6299  100.788  -6.49148  
72.954  99.8027  -6.9568  
77.3054  98.8934  -7.72704  
18.9129  90.9628  60.2249  
73.8167  131.862  -15.2311  
84.192  117.581  -26.2337  
84.6297  134.855  -31.4265  
87.7926  136.776  -27.5822  
84.181  134.938  -28.0053  
75.304  132.924  -12.2441  
89.4726  137.688  -29.1244  
89.723  137.819  -20.6441  
76.8025  94.5581  -6.30606  
80.7271  96.6037  -9.67951  
83.1843  98.6305  -13.664  
43.5289  89.0311  -4.40928  
39.338  85.8977  -4.61349  
102.138  116.82  -30.6877  
144.171  94.5952  1.70494  
102.752  137.016  -20.5244  
166.314  64.5556  24.8476  
123.481  99.007  -4.81436  
130.036  99.5841  -3.83223  
136.705  99.4536  -1.75078  
146.241  95.5622  3.58898  
118.299  97.9658  -4.6948  
136.659  84.657  -10.0556  
128.753  85.2631  -10.6628  
143.499  85.4345  -7.18458  
147.631  87.2725  -3.96633  
150.459  98.115  8.01938  
115.447  168.11  22.156  
146.942  92.6736  3.58775  
165.966  89.1834  36.6471  
157.67  93.0924  13.5269  
129.168  123.016  -2.83961  
103.137  145.586  -9.27795  
101.69  149.193  -4.55829  
111.025  146.217  -4.24207  
115.935  146.971  2.15173  
108.248  148.851  -1.26026  
112.957  148.839  4.26673  
123.538  153.164  17.2302  
101.612  136.673  -33.5805  
102.791  131.71  -36.9963  
156.704  81.819  -4.05243  
116.005  109.85  -9.06303  
117.84  130.157  -16.8447  
118.069  126.538  -15.5889  
147.895  119.782  6.29922  
102.621  124.025  -35.0563  
142.866  78.4597  -17.9229  
151.575  79.1911  -11.6981  
162.886  57.0614  8.54207  
112.609  84.111  -23.7429  
121.701  87.4928  -8.63394  
128.708  147.994  17.0162  
152.033  133.154  72.8326  
112.795  133.372  -13.7815  
107.237  135.458  -13.7526  
122.217  148.986  16.1208  
120.23  149.391  14.0921  
154.922  74.8735  -9.69281  
117.814  131.117  -12.4429  
130.347  79.6291  -22.1805  
131.857  74.9442  -25.1  
139.623  47.1804  -21.8209  
158.661  66.0588  -1.89928  
134.843  61.0916  -24.0802  
160.086  77.9474  0.659652  
163.028  71.736  11.9407  
102.569  147.573  -7.55101  
109.687  147.624  -2.84085  
114.549  147.901  2.7704  
111.239  134.04  -12.1814  
121.179  149.21  15.0046  
118.131  152.234  11.8664  
119.304  149.537  13.8846  
109.525  134.211  -23.7686  
111.741  149.391  6.07008  
106.992  149.669  2.4409  
100.816  150.195  -0.426978  
101.907  165.201  9.93778  
101.988  162.973  2.74672  
101.891  160.393  1.09977  
101.403  157.682  1.73356  
100.682  155.518  1.09749  
111.551  153.025  7.20989  
112.938  153.864  7.36964  
114.526  155.136  7.18437  
115.712  156.406  8.95178  
122.7  141.79  2.33254  
160.976  106.854  72.0453  
115.012  151.589  11.163  
116.609  151.871  11.3579  
104.569  137.627  -12.9356  
115.618  133.352  -6.65849  
105.886  136.637  -13.6393  
122.504  111.965  -5.25427  
133.246  115.049  -1.70505  
118.877  127.818  -11.0561  
154.848  51.1276  -7.56781  
149.869  62.3118  -13.6922  
145.417  73.6129  -18.3664  
117.932  157.75  14.8045  
115.329  76.963  -28.6262  
117.963  60.9518  -30.0692  
121.391  44.9397  -30.1596  
142.615  98.0903  1.18097  
156.461  100.998  13.1148  
115.229  96.9658  -4.38418  
153.018  88.4532  1.95468  
111.596  107.39  -12.7035  
113.965  130.458  -24.2775  
161.752  102.883  22.2498  
152.242  105.739  8.48603  
144.245  108.748  2.62311  
131.691  108.521  -1.12295  
122.551  106.661  -3.70565  
116.226  104.856  -6.68992  
102.943  102.43  -22.9801  
160.112  114.041  24.4815  
157.643  86.6949  4.62989  
99.256  138.38  -29.6166  
115.598  116.273  -10.0407  
165.972  83.809  57.6011  
111.532  102.899  -9.0243  
119.241  126.726  -4.3276  
149.458  92.2244  5.05941  
114.177  125.889  -22.7705  
157.309  119.511  74.0592  
115.756  95.1462  -3.50192  
108.562  124.652  -30.3119  
140.3  151.948  43.1872  
138.029  154.546  56.2158  
162.886  111.175  48.6768  
148.299  143.867  48.8141  
164.854  79.4472  25.7801  
115.513  171.151  28.1991  
98.3923  138.545  -20.035  
121.261  119.085  -5.97877  
162.006  92.6263  20.4359  
136.597  96.8228  -2.10818  
130.481  96.9106  -3.92062  
119.494  152.623  13.306  
157.782  123.977  30.9396  
104.191  176.503  31.6196  
121.319  167.847  42.4978  
128.723  162.365  48.555  
124.959  96.2306  -4.63178  
119.914  95.4433  -4.19529  
116.908  95.234  -3.31972  
161.498  83.9147  10.9007  
122.1  91.2155  -6.5924  
128.276  89.5643  -7.71521  
134.422  89.3673  -7.05486  
140.18  90.0924  -4.89367  
143.606  91.2455  -2.32322  
167.242  72.9799  42.2367  
140.975  95.9362  -0.0142956  
117.038  140.169  -3.32265  
112.897  133.272  -16.8701  
104.658  140.661  -10.6907  
131.551  159.302  39.3545  
123.763  165.121  34.3819  
104.962  175.743  22.5952  
145.474  145.207  65.4489  
117.791  93.7108  -4.86475  
107.245  111.844  -21.7657  
113.511  172.925  35.9847  
159.588  122.37  52.2931  
106.76  154.411  3.85647  
108.029  155.992  4.2424  
109.131  158.094  3.94875  
109.775  160.386  5.61798  
110.985  162.163  11.8596  
116.771  149  9.40492  
118.277  148.428  9.46776  
119.569  147.788  9.21034  
126.851  144.358  9.36503  
150.734  129.323  18.1614  
107.215  104.707  -17.4686  
111.486  91.7552  -9.86586  
115.456  91.926  -6.79829  
115.369  149.409  10.4331  
148.665  139.496  33.2896  
105.661  92.7448  -18.715  
113.517  164.786  17.259  
102.556  110.094  -27.734  
112.016  119.978  -18.7053  
103.314  168.77  14.2408  
127.936  153.846  22.0136  
124.288  130.098  -0.906649  
121.365  159.635  20.2782  
138.823  128.48  2.77561  
129.534  134.849  3.11645  
142.606  135.134  11.8258  
104.713  172.885  17.2688  
115.727  121.336  -12.607  
131.735  156.007  29.8123  
123.663  162.117  27.3026  
133.871  147.622  20.2547  
154.679  132.092  36.8209  
140.736  146.654  26.8354  
155.149  133.081  53.9935  
133.37  140.001  9.53491  
111.384  114.028  -15.5003  
111.699  133.349  -25.3768  
115.77  132.369  -17.2561  
108.752  131.206  -30.9321  
117.631  86.8812  -12.9524  
129.241  83.455  -14.3456  
139.226  82.6035  -13.1393  
146.863  83.2691  -9.46237  
151.567  85.1811  -4.61594  
152.727  92.7301  8.11986  
165.027  100.234  43.1142  
146.827  101.044  5.22666  
139.851  103.236  1.35967  
130.915  103.463  -1.62171  
122.768  102.36  -3.70422  
116.894  101.035  -4.88248  
112.941  99.8727  -6.04984  
163.499  94.9023  66.8812  
115.414  132.712  -13.613  
107.379  118.159  -25.1089  
106.686  135.211  -30.5362  
103.075  136.963  -27.0524  
106.756  135.271  -27.0771  
113.699  133.722  -10.8686  
101.544  137.864  -28.6885  
100.822  137.979  -20.2705  
113.469  95.5919  -4.51497  
109.977  97.4039  -8.33694  
107.988  99.3178  -12.5557  
145.593  92.0984  0.271925  
149.897  89.3247  0.447551  
lm_2d, 468
1196  2322  
1223  2169  
1210  2196  
1151  1845  
1227  2090  
1228  1960  
1229  1606  
571  1452  
1236  1345  
1241  1223  
1255  696  
1193  2347  
1191  2370  
1189  2384  
1189  2470  
1188  2507  
1186  2550  
1184  2590  
1180  2623  
1219  2195  
1120  2166  
268  952  
842  1540  
754  1544  
666  1537  
538  1466  
912  1529  
693  1298  
796  1317  
599  1303  
538  1329  
476  1504  
866  2649  
534  1418  
246  1345  
379  1415  
751  1921  
1072  2301  
1078  2358  
957  2307  
882  2315  
985  2350  
917  2346  
766  2407  
1148  2161  
1139  2081  
424  1232  
942  1722  
916  2045  
912  1987  
494  1853  
1144  1959  
630  1191  
506  1194  
339  834  
1029  1314  
884  1360  
702  2322  
353  2067  
979  2101  
1053  2137  
787  2342  
814  2349  
463  1122  
908  2060  
800  1224  
787  1148  
699  701  
406  982  
757  927  
376  1168  
326  1069  
1073  2332  
970  2330  
898  2331  
997  2112  
801  2346  
843  2395  
825  2352  
1035  2117  
931  2355  
1000  2363  
1086  2375  
1055  2610  
1061  2575  
1067  2535  
1077  2492  
1087  2458  
934  2412  
916  2424  
894  2443  
877  2462  
806  2226  
260  1634  
1216  2197  
884  2387  
863  2390  
1084  2171  
931  2096  
1069  2155  
850  1750  
703  1790  
894  2006  
475  748  
543  930  
602  1111  
841  2483  
1006  1197  
985  944  
953  686  
585  1510  
387  1544  
954  1517  
459  1344  
1007  1687  
978  2053  
304  1570  
445  1624  
556  1680  
727  1687  
852  1665  
940  1642  
1139  1616  
315  1751  
395  1311  
1172  2190  
945  1825  
228  1261  
1007  1616  
883  1988  
500  1408  
974  1980  
295  1842  
947  1488  
1059  1965  
522  2379  
535  2423  
259  1703  
417  2242  
282  1191  
859  2697  
1177  2192  
862  1865  
313  1404  
671  1494  
752  1500  
825  2400  
331  1913  
1008  2788  
769  2643  
663  2553  
1247  960  
1171  2813  
825  1494  
892  1487  
932  1487  
339  1264  
868  1419  
789  1386  
710  1376  
633  1382  
584  1397  
235  1086  
614  1476  
1205  2231  
895  2204  
982  2100  
1070  2220  
1231  1461  
638  2501  
745  2597  
1000  2776  
436  2267  
922  1463  
1074  1762  
1172  2801  
880  2727  
287  1886  
1003  2437  
985  2461  
969  2493  
958  2529  
934  2557  
861  2345  
842  2336  
826  2325  
738  2264  
432  2005  
1074  1648  
1018  1438  
960  1437  
879  2353  
432  2172  
1105  1459  
895  2598  
1229  1842  
1145  1738  
1229  1731  
1001  1886  
1175  2753  
1177  2683  
1031  2666  
703  2415  
807  2038  
789  2512  
610  2000  
725  2109  
540  2105  
1008  2730  
943  1906  
647  2448  
755  2550  
632  2311  
356  2047  
536  2293  
333  2062  
658  2189  
1010  1792  
1008  2102  
943  2083  
1056  2069  
946  1355  
800  1287  
669  1262  
562  1265  
490  1291  
451  1414  
243  1524  
524  1554  
620  1596  
740  1607  
850  1596  
930  1580  
986  1566  
241  1440  
941  2088  
1074  1862  
1079  2135  
1120  2166  
1074  2137  
960  2105  
1141  2180  
1144  2182  
980  1497  
1030  1530  
1061  1562  
555  1410  
501  1360  
1303  1850  
1839  1498  
1311  2170  
2122  1022  
1575  1568  
1659  1577  
1744  1575  
1866  1513  
1509  1551  
1743  1340  
1642  1350  
1831  1353  
1883  1382  
1919  1553  
1473  2662  
1875  1467  
2117  1412  
2011  1474  
1648  1948  
1316  2305  
1297  2362  
1416  2315  
1479  2327  
1381  2357  
1441  2357  
1576  2425  
1296  2164  
1311  2086  
1999  1295  
1480  1739  
1503  2061  
1506  2004  
1887  1897  
1309  1964  
1823  1242  
1934  1254  
2078  903  
1436  1332  
1552  1385  
1642  2344  
1940  2108  
1439  2112  
1368  2145  
1559  2359  
1534  2366  
1976  1185  
1503  2076  
1663  1261  
1682  1187  
1781  747  
2024  1046  
1720  967  
2042  1234  
2080  1136  
1308  2337  
1399  2338  
1461  2342  
1419  2123  
1546  2363  
1507  2411  
1522  2368  
1397  2125  
1425  2366  
1365  2370  
1286  2378  
1300  2616  
1301  2581  
1300  2540  
1293  2497  
1284  2463  
1423  2423  
1441  2436  
1461  2457  
1476  2477  
1565  2245  
2054  1692  
1467  2400  
1487  2405  
1334  2179  
1475  2112  
1351  2164  
1563  1773  
1700  1822  
1516  2024  
1975  809  
1912  986  
1855  1165  
1504  2498  
1471  1218  
1505  965  
1549  711  
1819  1553  
1996  1599  
1470  1535  
1952  1400  
1424  1700  
1454  2066  
2064  1629  
1942  1674  
1840  1722  
1680  1718  
1563  1689  
1483  1660  
1313  1622  
2043  1806  
2011  1373  
1266  2191  
1475  1841  
2117  1327  
1423  1629  
1521  2007  
1907  1460  
1456  1993  
2007  1892  
1477  1506  
1385  1974  
1790  2406  
1761  2447  
2078  1760  
1892  2278  
2103  1258  
1473  2710  
1255  2194  
1547  1886  
2067  1467  
1743  1533  
1664  1534  
1524  2417  
2013  1963  
1329  2795  
1548  2658  
1642  2571  
1594  1524  
1530  1511  
1491  1508  
2060  1329  
1558  1444  
1636  1418  
1715  1415  
1788  1426  
1832  1445  
2134  1155  
1798  1519  
1493  2220  
1440  2110  
1335  2227  
1678  2523  
1579  2615  
1339  2783  
1856  2299  
1503  1484  
1368  1771  
1448  2738  
2036  1938  
1362  2445  
1378  2470  
1392  2503  
1400  2540  
1416  2568  
1490  2359  
1509  2350  
1525  2340  
1618  2286  
1923  2048  
1368  1658  
1422  1453  
1473  1455  
1472  2366  
1897  2209  
1348  1468  
1448  2609  
1308  1743  
1429  1900  
1318  2673  
1632  2436  
1585  2060  
1548  2528  
1771  2034  
1652  2135  
1819  2140  
1336  2738  
1476  1921  
1680  2470  
1577  2567  
1708  2338  
1973  2092  
1795  2322  
1979  2107  
1701  2217  
1421  1806  
1425  2112  
1477  2096  
1387  2078  
1501  1376  
1649  1321  
1776  1308  
1874  1318  
1934  1349  
1948  1468  
2105  1587  
1873  1600  
1784  1635  
1670  1638  
1566  1621  
1491  1600  
1441  1581  
2086  1503  
1472  2101  
1370  1871  
1361  2141  
1315  2169  
1362  2142  
1450  2117  
1295  2183  
1286  2185  
1447  1514  
1403  1542  
1377  1573  
1857  1458  
1912  1414  
leftEyeRefinePts, 71
535  1530  
572  1543  
617  1553  
678  1563  
761  1569  
828  1566  
885  1557  
917  1556  
932  1559  
562  1543  
598  1555  
653  1568  
727  1577  
795  1574  
865  1562  
909  1558  
497  1508  
529  1555  
580  1581  
665  1600  
753  1610  
838  1607  
903  1591  
940  1577  
965  1556  
512  1450  
561  1412  
621  1386  
707  1384  
796  1400  
874  1438  
945  1504  
445  1503  
468  1574  
517  1613  
614  1641  
732  1656  
840  1649  
920  1631  
972  1612  
1015  1573  
466  1422  
507  1356  
584  1320  
687  1316  
804  1337  
938  1405  
1004  1489  
370  1499  
396  1386  
432  1287  
523  1239  
646  1225  
807  1247  
295  1498  
382  1604  
445  1661  
557  1698  
720  1712  
842  1699  
931  1675  
999  1643  
1050  1589  
329  1350  
377  1233  
475  1169  
617  1146  
797  1170  
1001  1213  
1022  1333  
1094  1489  
rightEyeRefinePts, 71
1883  1566  
1849  1577  
1807  1586  
1748  1593  
1665  1592  
1591  1581  
1525  1565  
1487  1561  
1469  1562  
1856  1576  
1822  1585  
1769  1594  
1694  1599  
1620  1591  
1545  1572  
1494  1562  
1914  1544  
1879  1589  
1829  1613  
1748  1626  
1662  1629  
1574  1618  
1505  1596  
1465  1579  
1440  1556  
1908  1482  
1869  1442  
1813  1411  
1726  1402  
1630  1413  
1544  1447  
1465  1507  
1955  1536  
1926  1606  
1880  1645  
1787  1667  
1673  1674  
1567  1659  
1487  1635  
1435  1612  
1397  1573  
1948  1455  
1923  1391  
1858  1354  
1763  1341  
1641  1352  
1497  1407  
1418  1488  
2015  1531  
2007  1419  
1993  1321  
1926  1271  
1819  1249  
1663  1259  
2080  1532  
2005  1637  
1946  1695  
1840  1730  
1682  1732  
1564  1710  
1478  1681  
1416  1647  
1371  1591  
2060  1387  
2037  1272  
1972  1206  
1851  1176  
1680  1187  
1468  1214  
1437  1326  
1344  1484  
lipRefinePts, 80
830  2472  
842  2518  
870  2576  
936  2649  
1042  2705  
1176  2723  
1310  2709  
1422  2655  
1494  2583  
1528  2525  
1545  2480  
860  2451  
905  2433  
968  2414  
1069  2398  
1187  2432  
1306  2401  
1410  2419  
1471  2440  
1516  2458  
869  2476  
916  2482  
954  2493  
1010  2512  
1086  2532  
1182  2547  
1278  2534  
1355  2514  
1412  2497  
1453  2486  
1504  2482  
923  2484  
966  2493  
1024  2505  
1098  2521  
1185  2534  
1272  2523  
1347  2508  
1405  2495  
1448  2487  
844  2475  
866  2508  
895  2549  
956  2602  
1052  2650  
1178  2668  
1303  2653  
1405  2606  
1471  2555  
1504  2514  
1530  2483  
879  2465  
926  2456  
987  2450  
1076  2450  
1187  2469  
1298  2453  
1389  2456  
1448  2462  
1494  2471  
857  2476  
891  2496  
926  2519  
983  2552  
1069  2585  
1180  2604  
1292  2587  
1382  2556  
1441  2523  
1478  2501  
1517  2483  
902  2475  
949  2478  
1008  2483  
1088  2493  
1186  2506  
1285  2497  
1366  2487  
1424  2483  
1470  2480  
pose, 1 line
13.0701  -2.24099  1.82771  
