lm_3d, 468
100.748  150.282  -7.71856  
103.583  138.951  -29.6915  
102.177  140.712  -12.4311  
98.0175  119.329  -28.1184  
103.897  134.146  -33.2065  
103.88  126.264  -33.1056  
103.322  104.62  -24.0551  
56.0206  95.4228  -5.00953  
103.459  87.7874  -24.4496  
103.682  80.3244  -28.3408  
104.087  50.3844  -33.1716  
100.608  151.853  -5.99599  
100.406  153.188  -3.52373  
100.257  153.971  0.417054  
100.23  155.78  0.833376  
100.211  157.986  1.5316  
100.097  160.462  1.04478  
99.9746  162.737  2.63851  
99.8142  165.095  8.93083  
103.204  140.492  -25.8788  
96.0802  138.959  -17.8504  
32.662  65.8808  11.3917  
75.4391  101.143  -8.70521  
69.1841  101.382  -8.41901  
62.8424  100.941  -7.21954  
53.6919  96.2878  -3.54885  
80.4276  100.32  -7.80766  
64.8014  85.8003  -14.6449  
72.1033  86.9044  -14.3119  
58.1622  86.2219  -12.7533  
53.8517  87.8774  -10.3022  
49.0401  98.942  0.147686  
77.2787  167.939  18.9021  
53.2529  93.2183  -3.68353  
30.77  89.1229  23.038  
41.6203  93.3799  4.01664  
69.0417  124.716  -5.70796  
92.1541  148.861  -7.85315  
92.4994  152.403  -3.22919  
84.0194  149.127  -4.34924  
78.6236  149.288  0.493823  
85.8176  151.638  -1.20383  
80.8084  150.961  2.94753  
69.7278  153.557  13.1087  
98.2427  138.498  -29.5092  
97.5032  133.743  -32.8594  
45.4363  81.8616  -11.9544  
82.6866  112.38  -10.6101  
81.5401  132.342  -16.369  
81.0413  128.823  -15.4561  
50.6189  120.821  0.117485  
97.784  126.318  -31.6512  
60.2025  78.89  -22.1347  
51.4562  79.3877  -17.8184  
38.3398  58.9909  -2.91131  
88.5409  85.9635  -24.0485  
78.317  89.5689  -11.853  
64.8709  148.863  12.2498  
37.8785  133.28  59.8572  
86.0774  135.586  -13.121  
91.1605  137.473  -12.0504  
71.2415  149.642  11.8319  
73.0371  150.077  10.3295  
48.1772  75.116  -16.8634  
80.9273  133.293  -12.3135  
72.1643  80.5194  -24.4288  
71.1724  76.1548  -27.3918  
64.6022  51.047  -27.3144  
43.5518  67.2117  -11.1889  
68.8935  63.9511  -27.8015  
41.7349  78.0518  -8.55223  
37.3935  72.3667  0.512202  
92.1822  150.846  -6.14502  
84.8567  150.473  -2.83684  
79.6498  150.143  1.3807  
87.3249  136.248  -11.1934  
72.1589  149.874  11.037  
75.4653  152.207  8.60117  
73.9051  150.275  10.2283  
90.1425  136.174  -21.833  
81.7007  151.505  4.68786  
86.6875  152.344  2.24251  
92.9142  153.298  0.523152  
91.0388  164.563  8.81963  
91.4361  161.99  2.3922  
91.7848  159.607  0.941253  
92.3663  157.156  1.49605  
93.0873  155.131  0.907434  
81.8886  152.752  4.99967  
80.672  153.551  5.12258  
79.2824  154.694  4.90928  
78.1889  155.881  6.40842  
72.7981  143.453  0.0977319  
31.0317  106.714  56.7955  
102.798  140.648  -17.2699  
78.1863  151.634  7.98857  
76.8151  151.883  8.19724  
93.3234  139.442  -11.286  
82.4538  135.487  -6.68925  
92.2861  138.498  -11.8855  
76.1563  114.271  -7.79726  
65.608  116.85  -5.55718  
79.7318  130.05  -11.4115  
48.3716  53.8854  -16.2478  
53.5201  64.1001  -20.3665  
58.008  74.259  -23.2024  
75.3649  157.838  11.4529  
86.8218  78.9863  -28.8132  
85.1905  64.9847  -31.2637  
82.6547  50.0548  -32.7557  
57.0592  99.1495  -5.26195  
42.3011  101.575  4.1497  
83.4028  99.3895  -7.31042  
47.914  88.7552  -6.00161  
87.3169  110.057  -13.5242  
85.986  132.471  -22.6619  
35.8593  103.137  11.608  
46.8045  106.638  0.672731  
54.9891  110.184  -3.51003  
67.297  110.507  -5.3953  
76.1825  109.009  -6.81201  
82.434  107.43  -8.79753  
96.8698  105.334  -21.8699  
36.9144  114.334  14.3287  
43.0056  86.7866  -4.39371  
99.8062  140.225  -25.7863  
82.985  118.719  -11.0577  
28.7907  84.1868  41.7113  
87.2673  105.608  -10.4759  
78.8215  128.989  -5.50077  
51.0454  92.6126  -2.68748  
85.4896  128.08  -21.5102  
33.6635  119.459  59.7646  
82.7226  97.5633  -6.82523  
91.5127  126.848  -27.894  
51.3002  152.231  34.4697  
52.0451  154.613  47.4109  
31.7552  111.076  35.1992  
43.3349  144.094  38.3517  
33.8177  79.7663  12.9478  
76.7989  170.776  24.5419  
100.03  140.354  -17.0339  
77.0693  121.318  -7.80788  
36.3824  92.7151  9.46102  
63.3164  98.1653  -7.60098  
69.0927  98.638  -8.62031  
74.2049  152.595  9.77748  
38.0438  124.24  20.9507  
87.5929  176.043  29.8303  
70.0516  167.534  37.2352  
61.9528  162.257  41.6746  
103.898  65.8021  -31.4642  
99.3222  177.339  29.3806  
74.264  98.2867  -8.69206  
79.0113  97.7463  -7.85578  
81.73  97.6098  -6.79937  
38.5821  83.9802  0.546643  
77.1784  93.5328  -10.2861  
71.5819  91.6034  -11.7372  
65.8423  91.0105  -11.7497  
60.2464  91.3008  -10.4069  
56.7662  92.1629  -8.5094  
29.7297  73.8451  27.2796  
59.1531  96.9821  -6.23413  
101.578  143.564  -9.69228  
79.3922  142.187  -4.26081  
86.3664  135.449  -15.7622  
92.117  143.09  -9.44275  
103.232  95.4709  -22.2784  
60.0868  159.39  32.3169  
68.1732  164.993  28.9969  
87.1426  175.313  20.8097  
44.1838  145.368  54.5086  
80.9723  96.1309  -8.33486  
92.2835  114.449  -20.8579  
99.554  176.485  20.6462  
78.3166  172.462  32.4612  
33.8179  122.334  39.3436  
86.9398  154.025  2.57852  
85.7883  155.486  2.87918  
84.7729  157.389  2.51682  
84.0916  159.514  3.97761  
82.3183  161.792  9.42599  
76.698  150.404  6.71676  
75.4497  149.901  6.48218  
74.4866  149.335  6.03452  
67.696  145.698  5.5922  
45.6656  129.946  10.7259  
92.1367  107.455  -17.3626  
87.917  94.3475  -11.693  
83.7123  94.4166  -9.6512  
77.915  150.885  7.74914  
45.1512  139.98  24.6078  
94.1943  95.5094  -18.7894  
79.368  164.727  14.3805  
103.685  119.055  -29.8557  
97.3711  112.826  -25.738  
103.512  112.255  -26.9278  
87.1852  122.311  -18.0757  
99.6793  173.672  15.2462  
99.7207  169.236  12.3859  
89.2891  168.461  12.8966  
64.9204  154.426  17.091  
73.0746  131.977  -3.00075  
71.4485  159.934  16.3096  
58.8388  129.596  -1.52433  
66.959  136.237  -0.0649224  
53.519  135.98  6.15999  
87.7016  172.62  15.7172  
82.988  123.723  -12.8886  
60.8855  156.383  23.7163  
68.8892  162.262  22.617  
59.7311  148.396  14.6198  
39.6792  132.386  26.8583  
52.7066  147.256  19.8517  
37.0813  133.143  41.761  
61.8559  141.132  5.1507  
87.6164  116.531  -15.6157  
88.2096  135.324  -23.4218  
83.5582  134.548  -16.3256  
91.5048  133.162  -28.1156  
82.7321  88.8854  -15.3344  
72.3214  84.7429  -17.5851  
63.1212  83.4564  -17.4713  
55.5751  83.7831  -15.1105  
50.4718  85.5022  -11.5025  
47.187  93.1322  -0.310548  
30.5207  100.082  29.3022  
52.6944  102.073  -1.86637  
59.5107  104.802  -4.48183  
68.1658  105.421  -6.11008  
76.0253  104.646  -7.23926  
81.7579  103.505  -7.45578  
85.7135  102.489  -8.14504  
29.6708  94.9209  50.8563  
83.3773  134.934  -13.0172  
92.4472  120.534  -23.5668  
93.2912  137.098  -27.3681  
96.1122  138.867  -23.7153  
92.8939  137.188  -24.2946  
84.6761  135.925  -10.2699  
97.637  139.698  -25.0376  
97.7566  139.845  -17.4308  
85.0816  98.1111  -7.20318  
88.8118  100.136  -9.9073  
91.1195  102.113  -13.2025  
54.7099  92.8338  -6.40844  
51.1891  89.7219  -6.72284  
108.907  119.506  -27.2872  
145.258  97.0756  1.02136  
109.487  139.145  -17.2154  
164.552  68.8296  20.1746  
126.7  102.173  -4.80776  
132.631  102.613  -3.75089  
138.635  102.377  -1.77522  
147.031  98.0322  2.88479  
122.093  101.171  -4.7942  
138.16  87.3155  -9.667  
131.155  88.0684  -10.4084  
144.242  88.0012  -6.97325  
147.912  89.803  -4.09034  
150.877  100.897  7.055  
120.525  168.041  21.8671  
147.735  94.9564  2.64596  
164.866  92.0604  32.4673  
157.285  95.6753  11.7429  
132.256  125.971  -1.63223  
108.854  149.066  -6.68407  
107.589  152.634  -2.07473  
115.552  149.6  -1.94456  
119.732  150.005  3.82965  
113.236  152.094  0.96239  
117.297  151.734  5.86996  
127.126  154.543  17.3953  
108.731  138.605  -28.9839  
109.88  133.897  -32.2466  
155.999  84.1262  -4.51202  
120.437  113.085  -7.96067  
122.606  132.969  -13.9433  
122.786  129.52  -12.9585  
148.73  122.686  6.81592  
109.58  126.461  -30.8641  
144.056  80.5936  -17.0069  
151.517  81.4246  -11.3128  
161.229  61.7462  5.00131  
117.566  86.46  -22.3997  
124.956  90.4534  -8.7277  
131.882  150.01  17.348  
153.371  134.393  67.916  
118.047  136.059  -11.2175  
113.38  137.919  -11.0816  
125.641  150.853  16.3944  
123.927  151.283  14.4069  
154.49  77.3463  -9.9059  
122.545  134.047  -9.9144  
133.235  81.7169  -20.8983  
134.576  77.4267  -23.7544  
140.591  52.7665  -22.7789  
157.831  69.8377  -3.50795  
136.87  65.5187  -23.6245  
159.053  80.5486  -0.623548  
161.807  75.2534  9.13333  
108.357  151.115  -4.94568  
114.425  150.961  -0.558781  
118.602  150.878  4.46249  
116.74  136.736  -9.71808  
124.746  151.077  15.3058  
121.945  153.293  12.2301  
123.045  151.45  14.2079  
115.344  136.453  -20.1534  
116.317  152.286  7.46887  
112.171  152.857  4.2948  
106.818  153.536  1.6852  
107.971  164.741  9.93691  
107.874  162.233  3.66766  
107.799  159.841  2.29135  
107.389  157.406  2.79967  
106.737  155.363  2.15614  
116.251  153.536  7.81645  
117.472  154.339  7.96517  
118.797  155.517  7.80821  
119.774  156.716  9.44209  
126.524  144.439  3.79054  
160.852  109.129  65.5399  
119.291  152.618  11.5003  
120.652  152.936  11.7017  
110.896  139.905  -10.3621  
120.591  136.293  -4.78  
112.15  138.975  -10.9636  
126.149  115.245  -4.28968  
135.671  118.255  -0.777225  
123.422  130.846  -8.81737  
154.02  56.2615  -9.77565  
150.078  66.3265  -14.2045  
146.377  76.1009  -17.7593  
122.066  158.479  14.9417  
119.861  79.7126  -27.0353  
121.859  65.8491  -29.1315  
124.486  51.0021  -30.4695  
143.883  100.782  0.846858  
156.451  103.884  11.803  
119.411  100.169  -4.63753  
152.818  90.7996  1.01376  
116.602  110.584  -11.4106  
119.37  132.925  -20.6943  
161.389  105.636  20.2694  
152.659  108.768  7.89209  
145.441  111.999  2.69521  
134.186  111.799  -0.66365  
126.077  109.942  -3.22372  
120.48  108.137  -6.07632  
109.091  105.522  -20.9919  
160.053  116.633  22.9859  
157.073  89.0684  3.38892  
106.457  140.279  -25.348  
120.257  119.4  -8.55889  
164.712  87.0824  50.9616  
116.331  106.157  -8.39313  
123.701  129.861  -2.94472  
149.674  94.4963  3.95699  
119.536  128.595  -19.5308  
157.841  121.257  68.1687  
119.894  98.3075  -4.02295  
114.77  127.158  -26.4498  
142.987  152.684  41.0562  
141.017  154.878  53.5814  
162.737  113.404  44.6285  
150.184  144.937  46.0585  
163.651  82.75  22.0851  
120.736  170.716  27.7144  
105.58  140.448  -16.7598  
125.207  122.274  -4.6968  
161.308  95.276  17.9797  
138.511  99.6442  -2.31709  
132.977  99.9731  -3.94889  
123.106  153.686  13.6493  
158.02  126.156  29.3862  
110.517  176.006  31.5544  
125.781  167.425  41.3973  
132.516  162.206  46.8011  
127.961  99.4667  -4.69758  
123.448  98.7073  -4.45803  
120.854  98.4374  -3.7819  
160.595  86.5294  8.92122  
125.365  94.3412  -6.73478  
130.886  92.6183  -7.59649  
136.484  92.2883  -6.8952  
141.745  92.8279  -4.90368  
144.803  93.8047  -2.62093  
165.663  76.8519  36.4239  
142.407  98.5588  -0.453844  
121.756  143.014  -1.44731  
118.118  135.86  -14.0197  
110.677  143.455  -8.27737  
135.098  159.524  37.7169  
128.113  164.977  33.2895  
111.355  175.252  22.5512  
147.749  145.965  61.8346  
121.635  96.8926  -5.19951  
113.113  114.79  -19.4636  
118.821  172.367  35.5431  
159.988  124.182  48.4612  
112.05  154.505  4.7366  
113.15  155.991  5.09734  
114.073  157.904  4.81892  
114.606  160.047  6.3106  
115.899  162.18  12.0166  
120.623  151.42  10.4019  
121.868  150.883  10.4679  
122.922  150.305  10.1994  
130.119  146.818  10.2745  
151.576  131.648  18.0641  
112.812  107.839  -15.8645  
116.135  94.828  -9.81823  
119.524  95.0802  -7.05612  
119.373  151.886  11.271  
150.052  141.151  31.9392  
111.245  95.7931  -17.6793  
118.516  164.956  17.084  
109.081  112.998  -24.9994  
117.372  122.854  -16.2751  
109.511  168.55  14.1363  
131.527  155.107  21.826  
128.214  133.049  0.372404  
125.515  160.356  20.0321  
140.868  131.068  3.7939  
132.751  137.468  4.27431  
144.388  137.398  12.2971  
111.003  172.658  17.3226  
120.559  124.374  -10.6238  
135.069  156.774  28.9873  
127.865  162.425  26.6433  
136.821  149.401  20.3843  
155.327  133.891  34.983  
143.064  148.108  26.2631  
156.233  134.493  50.5  
136.118  142.44  10.4614  
116.651  117.052  -13.6535  
117.321  135.658  -21.6297  
120.721  135.054  -14.2607  
115.044  133.429  -26.6269  
121.605  89.4973  -12.7561  
131.824  85.8634  -13.8456  
140.583  85.0135  -12.5958  
147.251  85.7032  -9.17715  
151.345  87.5547  -4.89352  
152.738  95.1529  6.80667  
164.399  102.789  39.0084  
147.633  103.884  4.63275  
141.439  106.341  1.2296  
133.432  106.631  -1.45578  
126.136  105.581  -3.58203  
120.934  104.265  -4.73819  
117.416  103.124  -5.94209  
162.712  97.6749  60.0738  
120.407  135.525  -10.974  
113.464  120.863  -22.1571  
113.148  137.248  -26.2486  
109.834  138.993  -23.0586  
113.028  137.364  -23.1371  
118.91  136.558  -8.54016  
108.501  139.817  -24.4994  
107.786  139.973  -16.9676  
117.893  98.7871  -4.9011  
114.798  100.644  -8.15964  
113.175  102.532  -11.7246  
146.538  94.5142  -0.308421  
150.009  91.645  -0.181101  
lm_2d, 468
1285  2380  
1321  2200  
1303  2228  
1250  1889  
1325  2124  
1325  1999  
1318  1657  
714  1511  
1320  1390  
1323  1272  
1328  798  
1283  2405  
1281  2426  
1279  2438  
1278  2467  
1278  2502  
1277  2541  
1275  2577  
1273  2614  
1316  2225  
1226  2200  
416  1043  
962  1601  
882  1605  
801  1598  
685  1525  
1026  1588  
826  1358  
920  1376  
742  1365  
687  1391  
625  1567  
986  2659  
679  1476  
392  1411  
531  1479  
881  1975  
1175  2357  
1180  2413  
1072  2361  
1003  2364  
1095  2401  
1031  2390  
889  2432  
1253  2193  
1244  2118  
579  1296  
1055  1779  
1040  2096  
1034  2040  
645  1913  
1247  2000  
768  1249  
656  1257  
489  934  
1129  1361  
999  1418  
827  2357  
483  2110  
1098  2147  
1163  2177  
909  2370  
931  2377  
614  1189  
1032  2111  
920  1275  
908  1206  
824  808  
555  1064  
879  1012  
532  1236  
477  1146  
1176  2389  
1082  2383  
1016  2378  
1114  2157  
920  2373  
962  2410  
943  2380  
1150  2156  
1042  2399  
1106  2412  
1185  2428  
1161  2606  
1166  2565  
1171  2527  
1178  2489  
1187  2457  
1044  2419  
1029  2432  
1011  2450  
997  2468  
928  2272  
395  1690  
1311  2227  
997  2401  
980  2405  
1190  2208  
1052  2145  
1177  2193  
971  1809  
837  1850  
1017  2059  
617  853  
682  1015  
740  1176  
961  2499  
1107  1251  
1087  1029  
1054  792  
728  1570  
539  1608  
1064  1574  
611  1405  
1114  1743  
1097  2098  
457  1633  
597  1688  
701  1745  
858  1750  
972  1726  
1051  1701  
1236  1668  
471  1810  
548  1374  
1273  2220  
1058  1880  
367  1333  
1113  1672  
1005  2042  
651  1466  
1090  2028  
429  1892  
1055  1545  
1167  2009  
654  2411  
664  2448  
405  1759  
552  2282  
431  1263  
979  2704  
1276  2222  
983  1921  
464  1468  
807  1554  
881  1562  
946  2416  
485  1967  
1117  2788  
893  2653  
790  2569  
1325  1042  
1267  2808  
947  1556  
1008  1548  
1042  1545  
492  1330  
984  1481  
913  1450  
840  1441  
768  1446  
724  1459  
379  1169  
754  1536  
1296  2273  
1013  2252  
1102  2145  
1175  2266  
1317  1512  
766  2524  
869  2613  
1111  2776  
563  2302  
1033  1522  
1177  1812  
1270  2795  
999  2731  
431  1937  
1109  2439  
1094  2462  
1081  2492  
1073  2526  
1050  2562  
978  2382  
962  2374  
950  2365  
863  2307  
582  2058  
1175  1701  
1121  1494  
1068  1495  
994  2389  
576  2217  
1201  1512  
1012  2609  
1323  1885  
1242  1786  
1320  1777  
1112  1937  
1271  2750  
1272  2680  
1139  2668  
828  2445  
932  2090  
911  2533  
750  2052  
854  2157  
682  2153  
1119  2734  
1058  1959  
776  2476  
879  2569  
762  2350  
506  2096  
672  2332  
473  2108  
789  2235  
1118  1845  
1125  2143  
1066  2131  
1167  2109  
1055  1407  
922  1342  
805  1321  
709  1327  
644  1354  
602  1475  
389  1585  
672  1616  
759  1659  
869  1669  
970  1657  
1043  1639  
1093  1623  
378  1503  
1063  2137  
1179  1909  
1190  2171  
1226  2199  
1185  2172  
1080  2152  
1245  2212  
1247  2214  
1085  1553  
1133  1586  
1162  1617  
698  1470  
653  1421  
1389  1892  
1853  1537  
1397  2203  
2099  1090  
1616  1618  
1692  1625  
1769  1621  
1876  1552  
1557  1602  
1762  1382  
1673  1394  
1840  1393  
1887  1422  
1925  1598  
1537  2661  
1885  1503  
2103  1458  
2007  1515  
1687  1995  
1389  2360  
1372  2417  
1474  2369  
1527  2375  
1444  2408  
1496  2403  
1622  2447  
1387  2195  
1402  2120  
1990  1332  
1536  1791  
1564  2106  
1566  2051  
1897  1943  
1398  2002  
1838  1276  
1933  1289  
2057  977  
1500  1369  
1594  1432  
1682  2375  
1957  2128  
1506  2154  
1446  2184  
1603  2389  
1581  2396  
1971  1225  
1563  2123  
1700  1294  
1717  1226  
1793  835  
2013  1106  
1746  1037  
2029  1275  
2064  1191  
1382  2393  
1460  2391  
1513  2389  
1489  2165  
1591  2392  
1556  2427  
1570  2398  
1471  2161  
1484  2411  
1431  2421  
1363  2431  
1377  2609  
1376  2569  
1375  2531  
1370  2493  
1362  2460  
1483  2431  
1498  2444  
1515  2463  
1528  2482  
1614  2287  
2052  1728  
1522  2417  
1539  2422  
1415  2215  
1538  2158  
1431  2201  
1609  1825  
1731  1872  
1574  2072  
1965  891  
1915  1050  
1867  1205  
1557  2510  
1529  1262  
1554  1042  
1588  807  
1836  1596  
1996  1645  
1523  1586  
1950  1438  
1487  1751  
1523  2105  
2059  1673  
1947  1722  
1855  1773  
1712  1770  
1608  1741  
1537  1712  
1392  1671  
2042  1847  
2004  1410  
1358  2221  
1534  1891  
2101  1379  
1484  1681  
1578  2056  
1909  1496  
1525  2036  
2014  1920  
1529  1557  
1464  2013  
1824  2418  
1799  2453  
2076  1796  
1916  2295  
2088  1310  
1540  2703  
1347  2224  
1597  1936  
2058  1509  
1767  1578  
1696  1583  
1570  2434  
2016  1998  
1410  2787  
1605  2651  
1690  2569  
1632  1575  
1575  1563  
1542  1559  
2049  1370  
1599  1494  
1670  1466  
1741  1461  
1808  1470  
1847  1485  
2113  1217  
1817  1561  
1553  2265  
1507  2151  
1412  2272  
1723  2526  
1634  2613  
1420  2775  
1885  2311  
1552  1534  
1443  1818  
1516  2730  
2041  1966  
1429  2447  
1443  2470  
1455  2500  
1462  2534  
1478  2568  
1539  2398  
1555  2389  
1568  2380  
1660  2325  
1934  2085  
1439  1708  
1481  1501  
1525  1505  
1523  2405  
1914  2235  
1419  1517  
1512  2612  
1391  1789  
1497  1945  
1397  2669  
1678  2456  
1636  2107  
1601  2539  
1797  2075  
1693  2177  
1842  2176  
1416  2734  
1538  1969  
1723  2483  
1631  2572  
1745  2366  
1982  2120  
1825  2345  
1993  2130  
1736  2256  
1488  1853  
1497  2148  
1540  2139  
1468  2113  
1551  1417  
1682  1359  
1793  1346  
1878  1357  
1931  1386  
1948  1507  
2097  1628  
1883  1645  
1804  1684  
1702  1688  
1609  1672  
1543  1651  
1498  1633  
2076  1547  
1536  2146  
1447  1914  
1443  2173  
1401  2201  
1442  2175  
1517  2162  
1384  2214  
1375  2216  
1504  1564  
1464  1594  
1444  1623  
1869  1496  
1914  1451  
leftEyeRefinePts, 71
663  1547  
699  1570  
743  1590  
803  1608  
883  1616  
948  1608  
1004  1590  
1036  1584  
1048  1586  
690  1565  
723  1584  
774  1605  
844  1620  
912  1616  
981  1597  
1026  1587  
635  1520  
663  1576  
712  1616  
794  1644  
877  1655  
957  1648  
1020  1624  
1057  1605  
1078  1584  
654  1465  
701  1434  
759  1411  
841  1413  
924  1432  
996  1471  
1060  1535  
589  1515  
612  1600  
660  1649  
753  1689  
861  1705  
959  1693  
1033  1669  
1082  1650  
1122  1614  
614  1438  
659  1378  
734  1351  
828  1352  
935  1381  
1055  1452  
1113  1531  
521  1509  
553  1399  
597  1305  
685  1266  
800  1263  
948  1305  
447  1495  
530  1630  
596  1705  
705  1757  
854  1770  
962  1750  
1043  1725  
1107  1696  
1155  1644  
489  1352  
546  1245  
644  1190  
776  1183  
943  1229  
1129  1289  
1141  1403  
1197  1547  
rightEyeRefinePts, 71
1905  1582  
1872  1598  
1833  1612  
1780  1623  
1709  1624  
1647  1611  
1592  1592  
1561  1587  
1548  1589  
1880  1599  
1850  1617  
1806  1635  
1741  1647  
1677  1636  
1612  1608  
1569  1592  
1932  1552  
1901  1606  
1856  1639  
1783  1659  
1708  1662  
1633  1651  
1575  1626  
1542  1608  
1522  1587  
1921  1494  
1884  1461  
1834  1435  
1759  1432  
1679  1447  
1608  1482  
1542  1541  
1971  1543  
1948  1629  
1905  1677  
1821  1709  
1721  1716  
1629  1699  
1561  1673  
1517  1653  
1484  1617  
1959  1464  
1930  1404  
1870  1374  
1785  1371  
1682  1392  
1562  1456  
1499  1533  
2030  1537  
2015  1423  
1995  1325  
1928  1283  
1830  1277  
1693  1311  
2094  1528  
2022  1661  
1966  1736  
1868  1784  
1728  1787  
1627  1760  
1554  1731  
1499  1700  
1457  1647  
2068  1380  
2038  1265  
1971  1206  
1857  1195  
1705  1235  
1521  1288  
1500  1400  
1429  1547  
lipRefinePts, 80
871  2446  
894  2503  
936  2570  
1012  2653  
1127  2718  
1272  2740  
1414  2724  
1528  2661  
1602  2580  
1643  2512  
1664  2453  
911  2428  
969  2410  
1046  2393  
1160  2374  
1283  2400  
1404  2378  
1512  2396  
1581  2416  
1632  2434  
906  2454  
961  2485  
1010  2514  
1077  2550  
1167  2583  
1280  2602  
1389  2588  
1475  2558  
1536  2522  
1579  2493  
1630  2460  
963  2460  
1021  2465  
1092  2472  
1179  2483  
1276  2493  
1371  2485  
1454  2475  
1520  2467  
1576  2463  
883  2450  
914  2498  
957  2551  
1029  2617  
1138  2677  
1277  2698  
1411  2682  
1517  2625  
1585  2561  
1624  2507  
1652  2456  
926  2440  
986  2432  
1060  2425  
1164  2420  
1284  2434  
1400  2423  
1496  2429  
1563  2437  
1616  2446  
895  2452  
937  2492  
985  2530  
1054  2580  
1153  2625  
1279  2648  
1401  2631  
1497  2589  
1559  2539  
1602  2500  
1642  2458  
945  2451  
1004  2451  
1077  2453  
1171  2459  
1281  2469  
1387  2463  
1475  2457  
1541  2455  
1597  2456  
pose, 1 line
10.0808  -2.25084  1.03622  
