lm_3d, 468
103.79  136.829  -5.36606  
104.195  128.21  -25.6028  
103.714  129.117  -9.79074  
98.986  111.556  -25.3941  
104.239  124.305  -29.0563  
104.057  117.473  -29.4658  
103.233  98.6562  -23.0584  
62.9967  91.4878  -5.37923  
102.927  83.7717  -24.6725  
102.864  77.1472  -28.8608  
102.366  49.6868  -35.2809  
103.794  138.134  -3.78745  
103.73  139.422  -1.4428  
103.676  140.293  2.25239  
103.663  141.983  3.38757  
103.715  144.438  4.40185  
103.723  147.228  4.50987  
103.662  149.619  6.72536  
103.409  151.39  13.5786  
104.091  129.238  -22.0896  
98.0956  127.803  -14.814  
44.5643  64.891  8.13239  
79.9046  95.3889  -8.92611  
74.5757  95.9607  -8.4412  
69.0891  95.8261  -7.1777  
61.2142  92.1585  -3.75538  
84.1197  94.4806  -8.41098  
69.421  82.9049  -14.8924  
75.849  83.6124  -14.9553  
63.8288  83.4304  -12.8494  
60.38  84.932  -10.3745  
57.6157  94.2302  -0.132983  
85.0219  153.387  23.094  
60.6665  89.7111  -4.1563  
43.7902  84.9978  20.2775  
51.6474  89.2778  3.22189  
75.7289  115.728  -3.82465  
96.9846  135.801  -5.17038  
97.7221  138.925  -0.914492  
91.0292  136.116  -1.83375  
87.1619  136.294  2.48145  
92.8005  138.347  0.919224  
89.1741  137.834  4.61408  
80.0024  140.053  14.9328  
99.6855  127.883  -25.3676  
98.8868  124.044  -28.6169  
53.3743  79.4995  -11.6324  
86.2628  104.909  -9.79431  
85.9942  122.181  -13.529  
85.5707  119.193  -12.9074  
60.1095  112.924  1.68925  
98.8991  117.607  -27.9908  
65.006  76.9039  -21.6485  
57.8379  77.3832  -17.2662  
48.1413  59.0193  -5.36106  
89.7245  82.6098  -24.0514  
81.5321  85.6968  -12.8835  
76.0624  136.12  13.671  
53.2903  119.779  57.4955  
89.9774  124.732  -10.5416  
94.4329  126.429  -9.51157  
81.9802  136.579  12.8879  
83.4134  136.997  11.3849  
55.2067  73.5618  -16.6365  
85.8654  122.819  -9.77124  
75.2367  78.2385  -24.1617  
74.2698  74.36  -27.1442  
68.3415  51.5921  -28.7132  
51.7884  66.5067  -12.2308  
72.1305  63.3829  -28.6079  
50.4859  76.083  -8.75195  
47.5041  70.8541  -1.28941  
97.233  137.45  -3.61515  
91.833  137.24  -0.534805  
88.0944  137.059  3.2162  
91.1629  125.255  -8.85325  
82.7128  136.798  12.0775  
85.0641  139.032  10.2896  
84.0956  137.188  11.3139  
92.8615  125.448  -18.4437  
90.0572  138.421  6.24639  
93.72  139.112  4.10344  
98.2633  139.851  2.56672  
96.4173  150.676  13.5869  
96.8388  148.907  6.65109  
97.1177  146.548  4.6979  
97.6586  143.741  4.59467  
98.2693  141.47  3.68155  
90.0438  139.406  7.05543  
88.9871  140.33  7.49205  
87.7197  141.548  7.60798  
86.7425  142.75  9.10464  
81.3417  131.558  1.93456  
46.255  98.2854  52.5143  
103.908  129.255  -14.2978  
87.3595  138.375  9.4844  
86.228  138.698  9.85634  
96.4751  128.158  -8.51805  
87.4416  124.544  -4.5554  
95.4993  127.373  -9.24921  
80.9605  106.594  -6.78557  
72.2206  109.201  -4.147  
84.8022  120.09  -9.15775  
55.4101  54.4631  -18.0574  
59.4688  63.7334  -21.1448  
63.1105  72.7899  -22.9374  
84.2591  144.173  14.1908  
87.887  76.4948  -28.8369  
86.15  63.7965  -32.3135  
83.6002  50.1094  -34.2934  
64.1057  94.4992  -5.29537  
52.4483  96.42  3.85543  
86.589  93.6717  -8.18459  
55.8493  85.5179  -6.15184  
89.9814  103.024  -12.7066  
89.2982  122.508  -19.2925  
47.683  97.4135  11.0284  
56.0935  100.92  1.04117  
62.9218  103.863  -2.72542  
73.3074  103.69  -4.76463  
80.7172  102.042  -6.47392  
85.8466  100.587  -8.60438  
97.7552  99.3569  -20.9182  
49.1193  106.903  14.3336  
52.0633  83.7118  -4.64702  
101.19  129.069  -21.9287  
86.8875  110.396  -9.74496  
43.161  80.0093  37.0075  
89.8124  99.1115  -10.507  
84.2557  119.058  -3.92954  
58.6956  89.0722  -3.1145  
88.8723  118.728  -18.5256  
49.0831  108.534  56.2985  
85.9539  92.1576  -8.01532  
93.7256  117.911  -24.4057  
64.25  137.792  35.6235  
65.0594  138.852  47.7413  
45.7879  103.004  33.0549  
57.7835  130.253  38.7109  
45.3599  77.154  10.4533  
84.4585  156.208  28.7816  
101.523  129.058  -14.0427  
82.2332  112.617  -6.35912  
47.7132  88.5014  8.20391  
69.2705  93.5919  -7.8306  
74.2901  93.6996  -8.8939  
83.9956  139.338  11.4246  
51.0834  114.844  21.1193  
93.0833  161.558  34.0016  
78.9299  152.217  39.6089  
72.747  146.538  42.9717  
102.587  63.8257  -32.9675  
103.083  162.743  33.3769  
78.7384  93.0399  -9.1773  
82.834  92.3231  -8.63778  
85.1689  92.1464  -7.86698  
48.6805  81.1094  -0.280949  
80.7883  89.2246  -11.2056  
75.7066  87.8871  -12.45  
70.692  87.729  -12.2446  
66.0901  88.2421  -10.7271  
63.3754  89.0106  -8.80311  
43.0431  71.5265  23.0998  
65.64  92.733  -6.49487  
103.691  131.171  -7.17849  
86.1074  130.373  -1.89739  
89.9996  124.683  -13.0646  
96.0486  130.968  -6.62372  
102.98  90.391  -22.1982  
71.2819  144.468  34.2831  
77.6314  150.169  32.0931  
92.9245  160.646  25.8861  
58.7801  130.177  53.5517  
84.2964  91.1096  -9.42988  
94.1665  107.113  -19.2104  
103.295  162.161  25.5772  
85.4607  157.698  35.9765  
48.4057  112.022  37.7787  
93.7053  140.523  5.08296  
92.7071  142.184  5.72601  
91.7422  144.276  5.82914  
91.1202  146.483  7.50597  
89.5827  148.011  13.2848  
86.305  137.389  8.01313  
85.206  136.879  7.80926  
84.3047  136.391  7.42822  
77.9225  133.528  7.03846  
57.3408  120.158  12.1174  
93.8437  100.999  -16.5543  
89.903  89.5585  -12.7989  
86.5114  89.603  -10.875  
87.3669  137.873  9.00518  
58.4513  127.789  25.5575  
95.1894  90.5972  -18.9261  
86.9349  150.336  18.4901  
103.791  111.233  -27.1373  
98.3431  105.909  -23.8961  
103.527  105.348  -25.1465  
90.197  113.675  -16  
103.353  159.424  20.432  
103.359  155.228  17.3359  
94.934  154.1  17.8515  
75.4921  140.727  19.0325  
79.8706  121.654  -1.18955  
80.6483  145.709  19.3019  
67.6592  120.138  0.723469  
75.4003  125.468  1.81265  
64.2184  125.395  8.10089  
93.5584  157.912  20.9298  
87.0277  114.7  -11.0741  
71.8341  142.343  25.765  
78.299  147.953  25.7023  
71.0488  135.607  16.3127  
53.508  121.225  27.1672  
64.9058  134.433  21.4097  
52.0567  120.815  41.0199  
72.1496  129.714  6.90514  
90.4606  108.652  -14.1736  
91.1698  124.83  -19.895  
87.6932  123.99  -13.4237  
93.8328  123.353  -24.2194  
85.0728  85.1496  -16.1964  
75.6907  81.8583  -17.9802  
67.6774  80.9339  -17.459  
61.4264  81.3555  -14.9033  
57.4285  82.82  -11.3026  
55.7588  89.2248  -0.827684  
44.1936  94.0509  26.8644  
60.6247  96.9662  -1.85423  
66.4328  99.1041  -4.2286  
73.862  99.3281  -5.92003  
80.4614  98.2916  -7.28882  
85.2469  97.1666  -7.83723  
88.4868  96.3261  -8.70682  
44.557  88.7283  46.1505  
87.8266  124.198  -10.4211  
94.373  112.416  -21.1103  
95.4741  126.55  -23.4304  
98.007  127.818  -20.1181  
95.1635  126.372  -20.6857  
89.1246  124.948  -7.89294  
99.3167  128.614  -21.2527  
99.5699  128.595  -14.4155  
87.932  92.6009  -8.39395  
90.9718  94.3696  -10.7111  
92.887  96.2126  -13.3673  
61.7711  89.497  -6.7561  
58.4268  86.5292  -6.92159  
108.407  111.339  -25.0336  
140.763  89.9769  -2.63015  
109.572  127.584  -14.5303  
156.297  62.6952  12.1029  
124.404  94.4485  -7.16797  
129.598  94.7696  -6.32275  
134.881  94.4249  -4.72184  
142.371  90.5671  -0.841478  
120.331  93.7577  -7.02078  
134.401  81.8023  -12.6466  
128.134  82.7621  -13.183  
139.845  82.0835  -10.2388  
143.151  83.4042  -7.57936  
145.627  92.3897  2.98795  
120.944  152.189  24.3109  
142.886  88.1586  -1.26757  
157.382  82.7451  24.6771  
150.976  87.2337  6.75275  
129.51  114.511  -2.16014  
110.418  135.43  -4.77165  
109.553  138.648  -0.554298  
116.048  135.418  -0.961687  
119.564  135.386  3.69206  
114.197  137.806  1.63597  
117.555  137.13  5.60358  
126.079  138.758  16.4983  
108.573  127.673  -25.1151  
109.391  123.779  -28.3454  
150.117  77.5509  -8.24167  
118.962  104.182  -8.64719  
120.79  121.343  -12.4724  
120.906  118.321  -11.8199  
143.929  111.035  4.52834  
109.036  117.347  -27.653  
139.437  75.6093  -19.3056  
146.152  75.7025  -14.3257  
153.373  57.0205  -1.7699  
115.76  82.2901  -23.273  
122.664  85.067  -11.4397  
129.873  134.634  15.6122  
148.346  117.241  61.0327  
116.985  124.116  -9.74411  
112.805  126.044  -9.11043  
124.397  135.477  14.5625  
123.027  135.978  12.8647  
148.559  71.7006  -13.4832  
120.78  121.993  -8.73346  
129.719  77.3977  -22.5418  
130.633  73.4407  -25.4429  
135.076  50.5024  -26.6158  
150.895  64.5689  -8.70966  
132.083  62.3728  -26.6411  
152.586  73.9784  -5.12792  
154.513  68.757  2.64119  
110.139  137.154  -3.21254  
115.214  136.64  0.236847  
118.665  136.233  4.30101  
115.803  124.684  -8.20829  
123.671  135.737  13.6205  
121.503  138.133  11.5929  
122.376  136.188  12.7494  
114.63  124.96  -17.7025  
116.658  137.767  7.21421  
113.231  138.66  4.78042  
108.9  139.619  2.93764  
110.27  150.335  13.9188  
110.345  148.594  7.04864  
110.158  146.252  5.11469  
109.587  143.514  5.00177  
108.895  141.289  4.06577  
116.656  138.775  8.01155  
117.757  139.634  8.46548  
119.039  140.786  8.61354  
119.982  141.898  10.1711  
124.996  130.459  3.3589  
154.29  95.9411  56.473  
119.171  137.603  10.7341  
120.342  137.871  11.093  
110.861  127.909  -8.13764  
119.232  123.844  -3.76765  
111.813  127.067  -8.86476  
123.974  105.644  -5.28779  
132.443  107.873  -2.14089  
121.534  119.203  -8.03867  
147.027  52.8609  -15.0741  
143.986  62.1908  -18.3126  
141.207  71.3651  -20.4639  
121.967  143.094  15.4627  
117.5  76.1669  -27.9912  
118.625  63.2943  -31.2925  
120.602  49.5035  -33.2356  
139.589  92.9688  -2.55376  
150.401  94.3537  7.35238  
117.987  93.1226  -6.93388  
147.445  83.6796  -2.93906  
115.508  102.461  -11.7672  
117.9  121.837  -18.4224  
154.561  95.1439  15.0002  
147.308  98.9572  4.29884  
141.017  102.168  0.00967783  
131.08  102.411  -2.71247  
123.938  101.084  -4.91399  
119.037  99.8657  -7.41871  
108.457  99.124  -20.5285  
153.502  104.601  18.2377  
150.907  81.691  -1.08421  
106.883  128.929  -21.7225  
118.727  109.66  -8.65043  
157.026  77.7061  41.1567  
115.337  98.5735  -9.58505  
121.764  118.157  -2.85283  
144.719  87.4248  -0.0735042  
117.984  118.026  -17.6455  
151.991  106.055  60.0968  
118.475  91.5969  -6.68535  
113.68  117.418  -23.7743  
139.654  135.558  38.472  
138.252  136.663  50.4481  
155.778  100.567  37.3821  
145.301  127.844  42.0904  
156.205  75.0181  14.6477  
121.259  154.93  30.1056  
106.256  128.95  -13.9267  
123.126  111.678  -5.04977  
154.398  86.3526  12.1291  
134.8  92.2635  -5.43685  
129.883  92.5566  -6.77996  
122.573  138.36  12.8186  
151.796  112.492  24.8413  
112.783  160.884  34.6458  
125.797  150.473  41.2639  
131.38  144.544  45.1351  
125.481  92.1199  -7.35873  
121.473  91.5759  -7.08122  
119.23  91.5295  -6.45524  
153.815  78.9819  3.58602  
123.255  88.4436  -9.608  
128.076  86.9059  -10.58  
132.986  86.5448  -10.0489  
137.572  86.8874  -8.22964  
140.269  87.5397  -6.1427  
157.457  69.2631  27.2068  
138.274  91.2732  -3.8774  
120.677  129.534  -0.789728  
117.085  124.068  -12.316  
111.307  130.667  -6.18286  
133.232  142.476  36.6018  
127.448  148.47  33.9075  
113.382  159.972  26.5767  
143.657  127.782  56.7022  
120.004  90.4901  -7.97567  
112.238  106.698  -18.5752  
119.892  156.402  37.1325  
153.492  109.518  41.9184  
113.205  140.096  5.78303  
114.271  141.701  6.45462  
115.269  143.707  6.58616  
115.844  145.862  8.29534  
116.846  147.243  14.1731  
120.254  136.519  9.31279  
121.334  135.942  9.25796  
122.236  135.347  8.95655  
128.192  132.177  8.82512  
146.457  118.024  15.2035  
111.998  100.631  -15.9081  
114.972  89.1659  -11.9314  
118.02  89.0995  -9.65601  
119.202  137.055  10.2525  
145.211  125.508  28.6845  
110.332  90.3611  -18.4222  
119.184  149.334  19.4875  
108.484  105.678  -23.5674  
116.186  113.1  -15.2049  
111.582  153.596  18.3193  
130.004  139.118  20.8192  
125.992  120.537  0.168625  
125.1  144.328  20.7034  
137.27  118.516  2.86514  
130.309  124.148  3.53337  
140.48  123.516  10.5574  
112.935  157.295  21.5473  
118.972  113.933  -10.0834  
133.136  140.435  27.9083  
127.144  146.35  27.338  
134.3  133.88  18.529  
149.545  118.833  30.715  
139.606  132.354  24.0353  
150.294  118.277  44.8873  
133.419  128.177  8.93022  
115.507  108.087  -13.2949  
116.266  124.248  -19.1005  
119.271  123.249  -12.5261  
113.936  122.856  -23.5723  
119.679  84.621  -14.9912  
128.732  80.9937  -16.2284  
136.508  79.7522  -15.2008  
142.472  79.9055  -12.1712  
146.186  81.1254  -8.27807  
147.313  87.3604  2.42764  
157.034  91.6875  31.3364  
142.925  95.2377  1.07061  
137.46  97.5545  -1.687  
130.372  98.0429  -3.85305  
123.974  97.3178  -5.66685  
119.411  96.4497  -6.6073  
116.337  95.7664  -7.69843  
155.642  86.4385  50.2587  
118.99  123.475  -9.53728  
112.56  112.001  -20.4864  
112.466  126.127  -22.9229  
109.836  127.554  -19.8019  
112.57  126.007  -20.1531  
117.714  124.305  -7.15629  
108.655  128.392  -21.011  
108.123  128.398  -14.1953  
116.67  92.1502  -7.2882  
113.977  93.9631  -9.88536  
112.422  95.8359  -12.7039  
141.826  87.9691  -3.9816  
145.023  84.8828  -3.9419  
lm_2d, 468
1323  2326  
1328  2179  
1322  2194  
1262  1896  
1329  2113  
1326  1997  
1316  1677  
803  1555  
1312  1424  
1311  1311  
1305  844  
1323  2348  
1322  2370  
1321  2384  
1321  2413  
1322  2455  
1322  2502  
1321  2543  
1318  2573  
1327  2197  
1250  2172  
568  1103  
1018  1621  
950  1631  
880  1629  
780  1566  
1072  1606  
885  1409  
967  1421  
813  1418  
769  1443  
734  1601  
1084  2607  
773  1525  
558  1444  
658  1517  
965  1967  
1236  2308  
1245  2361  
1160  2313  
1111  2317  
1183  2351  
1136  2343  
1020  2380  
1270  2174  
1260  2108  
680  1351  
1099  1783  
1096  2077  
1091  2026  
766  1919  
1260  1999  
828  1307  
737  1315  
613  1003  
1143  1404  
1039  1456  
969  2314  
679  2036  
1147  2120  
1204  2149  
1045  2321  
1063  2328  
703  1250  
1094  2087  
959  1330  
946  1264  
871  877  
660  1130  
919  1077  
643  1293  
605  1204  
1239  2336  
1170  2333  
1123  2329  
1162  2129  
1054  2325  
1084  2363  
1072  2332  
1183  2132  
1148  2353  
1194  2364  
1252  2377  
1229  2561  
1234  2531  
1238  2491  
1245  2443  
1252  2404  
1148  2369  
1134  2385  
1118  2406  
1105  2426  
1037  2236  
589  1670  
1324  2197  
1113  2352  
1099  2357  
1230  2178  
1114  2117  
1217  2165  
1032  1812  
920  1856  
1081  2041  
706  925  
758  1083  
804  1237  
1074  2450  
1120  1300  
1098  1084  
1065  851  
817  1606  
668  1639  
1104  1592  
712  1453  
1147  1751  
1138  2082  
607  1656  
715  1715  
802  1765  
934  1762  
1029  1734  
1094  1709  
1246  1689  
626  1817  
663  1423  
1290  2194  
1107  1876  
550  1360  
1145  1684  
1074  2023  
748  1514  
1133  2018  
625  1845  
1095  1566  
1195  2004  
819  2342  
829  2360  
583  1751  
736  2214  
578  1311  
1076  2655  
1294  2193  
1048  1914  
608  1504  
883  1591  
947  1592  
1070  2368  
651  1952  
1186  2746  
1006  2587  
927  2491  
1307  1085  
1314  2766  
1003  1581  
1056  1569  
1085  1566  
620  1378  
1030  1516  
965  1494  
901  1491  
842  1500  
808  1513  
548  1215  
836  1576  
1322  2229  
1097  2216  
1147  2119  
1224  2226  
1312  1536  
908  2455  
989  2552  
1184  2730  
749  2213  
1074  1548  
1200  1820  
1317  2756  
1089  2680  
617  1904  
1194  2388  
1182  2417  
1169  2452  
1161  2490  
1142  2516  
1100  2335  
1086  2326  
1074  2318  
993  2269  
731  2042  
1196  1716  
1146  1522  
1103  1523  
1113  2343  
745  2172  
1213  1540  
1108  2555  
1323  1890  
1253  1800  
1319  1790  
1150  1932  
1317  2710  
1317  2638  
1210  2619  
962  2392  
1018  2068  
1028  2477  
862  2042  
961  2132  
818  2131  
1192  2684  
1109  1949  
915  2419  
998  2515  
905  2305  
682  2060  
827  2285  
663  2053  
919  2205  
1153  1847  
1162  2122  
1118  2107  
1196  2096  
1084  1447  
965  1391  
862  1375  
783  1383  
732  1407  
710  1516  
563  1598  
772  1648  
847  1684  
941  1688  
1025  1670  
1086  1651  
1128  1637  
568  1508  
1119  2111  
1203  1911  
1217  2151  
1249  2172  
1213  2148  
1136  2124  
1266  2186  
1269  2186  
1121  1574  
1159  1604  
1184  1635  
787  1521  
744  1470  
1382  1892  
1794  1529  
1397  2168  
1992  1065  
1586  1605  
1652  1611  
1719  1605  
1815  1539  
1534  1593  
1713  1390  
1633  1406  
1783  1395  
1825  1417  
1856  1570  
1542  2587  
1821  1498  
2006  1406  
1924  1482  
1651  1946  
1407  2302  
1396  2357  
1479  2302  
1524  2301  
1456  2342  
1498  2331  
1607  2358  
1384  2170  
1394  2104  
1913  1318  
1516  1771  
1540  2062  
1541  2011  
1835  1887  
1390  1994  
1777  1285  
1863  1286  
1955  969  
1475  1398  
1563  1446  
1655  2288  
1891  1993  
1491  2109  
1438  2142  
1586  2303  
1568  2311  
1894  1218  
1539  2073  
1653  1315  
1665  1248  
1722  858  
1923  1097  
1684  1060  
1945  1257  
1970  1168  
1404  2331  
1468  2322  
1512  2315  
1476  2119  
1576  2307  
1549  2348  
1560  2315  
1461  2124  
1487  2342  
1443  2357  
1388  2373  
1405  2555  
1406  2526  
1404  2486  
1397  2439  
1388  2401  
1487  2359  
1501  2373  
1517  2393  
1529  2412  
1593  2217  
1967  1630  
1519  2339  
1534  2343  
1413  2174  
1520  2105  
1425  2160  
1580  1795  
1688  1833  
1549  2026  
1874  898  
1835  1057  
1800  1213  
1555  2432  
1498  1294  
1512  1076  
1537  841  
1779  1580  
1917  1604  
1504  1583  
1879  1422  
1472  1741  
1503  2071  
1970  1617  
1878  1682  
1797  1736  
1671  1740  
1580  1718  
1517  1697  
1382  1685  
1957  1778  
1924  1388  
1362  2191  
1513  1864  
2002  1321  
1470  1675  
1552  2008  
1845  1486  
1504  2006  
1937  1802  
1510  1557  
1449  1996  
1780  2304  
1762  2323  
1986  1709  
1852  2173  
1991  1275  
1546  2633  
1354  2192  
1569  1898  
1968  1467  
1718  1568  
1656  1573  
1562  2352  
1935  1912  
1437  2735  
1603  2558  
1675  2457  
1599  1566  
1548  1556  
1520  1556  
1961  1342  
1571  1503  
1632  1477  
1695  1471  
1754  1477  
1788  1488  
2007  1177  
1762  1551  
1538  2202  
1492  2109  
1419  2221  
1698  2422  
1624  2523  
1445  2719  
1831  2172  
1530  1538  
1431  1813  
1528  2658  
1957  1861  
1443  2381  
1456  2408  
1469  2443  
1477  2479  
1489  2503  
1533  2320  
1547  2311  
1558  2300  
1634  2247  
1867  2006  
1427  1710  
1465  1515  
1504  1514  
1519  2329  
1851  2133  
1406  1536  
1519  2538  
1383  1796  
1481  1922  
1422  2611  
1657  2365  
1606  2049  
1595  2453  
1750  2014  
1661  2110  
1791  2099  
1439  2674  
1516  1936  
1697  2387  
1621  2487  
1712  2275  
1906  2020  
1779  2250  
1916  2010  
1701  2179  
1472  1837  
1482  2112  
1520  2095  
1452  2088  
1525  1438  
1641  1376  
1740  1355  
1816  1358  
1863  1379  
1878  1485  
2002  1558  
1822  1619  
1752  1658  
1662  1666  
1580  1654  
1522  1639  
1483  1628  
1984  1469  
1517  2099  
1435  1904  
1433  2144  
1400  2168  
1435  2142  
1500  2113  
1385  2182  
1378  2182  
1487  1566  
1453  1597  
1433  1629  
1808  1495  
1849  1443  
leftEyeRefinePts, 71
766  1615  
797  1628  
835  1637  
886  1644  
954  1644  
1009  1635  
1058  1622  
1085  1618  
1097  1621  
785  1628  
814  1640  
857  1652  
917  1656  
976  1648  
1036  1631  
1076  1622  
739  1594  
770  1638  
813  1663  
883  1678  
954  1681  
1022  1672  
1074  1653  
1103  1639  
1121  1619  
745  1542  
778  1508  
822  1483  
892  1477  
968  1488  
1036  1519  
1099  1574  
707  1586  
733  1656  
772  1695  
850  1719  
942  1726  
1027  1713  
1089  1691  
1128  1673  
1157  1638  
712  1516  
734  1459  
788  1428  
867  1422  
964  1437  
1078  1492  
1140  1563  
658  1582  
662  1483  
677  1396  
736  1355  
827  1345  
954  1364  
607  1575  
676  1684  
725  1744  
811  1779  
938  1783  
1033  1762  
1099  1737  
1148  1707  
1182  1658  
615  1444  
636  1343  
698  1291  
800  1274  
939  1296  
1105  1330  
1132  1434  
1204  1566  
rightEyeRefinePts, 71
1842  1579  
1815  1594  
1780  1607  
1732  1620  
1664  1626  
1603  1620  
1548  1609  
1517  1607  
1502  1609  
1821  1592  
1794  1606  
1752  1621  
1689  1634  
1626  1632  
1563  1616  
1522  1608  
1864  1554  
1838  1601  
1798  1630  
1732  1651  
1662  1660  
1590  1656  
1533  1639  
1500  1625  
1479  1606  
1857  1500  
1824  1468  
1777  1446  
1705  1446  
1626  1465  
1558  1501  
1497  1560  
1895  1544  
1875  1614  
1841  1656  
1766  1687  
1675  1702  
1587  1695  
1522  1678  
1479  1661  
1448  1627  
1888  1473  
1866  1419  
1813  1393  
1734  1392  
1634  1414  
1519  1475  
1460  1550  
1940  1535  
1932  1436  
1917  1352  
1862  1316  
1774  1312  
1650  1340  
1988  1527  
1938  1636  
1897  1700  
1815  1744  
1685  1758  
1588  1744  
1518  1723  
1467  1697  
1429  1650  
1970  1398  
1949  1297  
1895  1248  
1797  1237  
1662  1269  
1494  1312  
1471  1418  
1403  1557  
lipRefinePts, 80
1049  2335  
1075  2374  
1109  2420  
1164  2468  
1231  2499  
1310  2508  
1390  2498  
1457  2467  
1509  2420  
1540  2379  
1563  2344  
1081  2331  
1117  2328  
1164  2322  
1232  2315  
1309  2336  
1387  2316  
1454  2325  
1498  2332  
1533  2337  
1072  2343  
1114  2352  
1148  2361  
1193  2370  
1246  2380  
1309  2388  
1373  2381  
1426  2372  
1469  2364  
1501  2358  
1540  2351  
1114  2352  
1148  2360  
1192  2369  
1246  2380  
1309  2388  
1372  2381  
1424  2372  
1468  2364  
1500  2359  
1057  2338  
1086  2366  
1120  2398  
1170  2431  
1233  2459  
1310  2468  
1387  2458  
1449  2430  
1497  2399  
1528  2371  
1555  2346  
1090  2338  
1127  2339  
1173  2341  
1234  2344  
1309  2357  
1384  2345  
1444  2344  
1489  2344  
1524  2344  
1064  2340  
1100  2359  
1135  2377  
1181  2397  
1239  2416  
1310  2425  
1380  2415  
1438  2398  
1483  2379  
1515  2364  
1548  2348  
1102  2345  
1138  2351  
1183  2357  
1240  2366  
1308  2376  
1378  2367  
1434  2360  
1477  2355  
1512  2351  
pose, 1 line
8.74771  -0.996756  -1.38091  
