lm_3d, 468
90.9286  148.824  -9.54384  
90.8425  135.087  -31.7314  
91.0496  137.502  -13.3786  
85.597  115.366  -29.1361  
90.8495  130.141  -35.4159  
90.987  122.162  -35.1767  
91.4148  100.463  -25.0112  
46.0242  91.5972  -0.630007  
91.4685  83.2084  -25.39  
91.4254  75.5412  -29.4756  
91.94  45.1631  -33.7851  
90.9513  150.672  -7.84451  
90.978  152.4  -5.11962  
91.0623  153.544  -0.872164  
91.2041  155.64  -0.0717331  
91.1939  158.429  0.726969  
91.1918  161.575  0.547263  
91.2287  164.321  2.80134  
91.4334  166.217  10.5202  
90.9195  136.736  -27.7106  
84.6982  135.405  -18.6982  
25.6544  62.5481  20.1276  
65.1329  97.174  -6.19089  
58.8781  97.535  -5.36852  
52.6007  97.2602  -3.54433  
43.8702  92.8181  1.17657  
70.1525  96.2857  -5.80879  
54.0227  81.4851  -11.7391  
61.5365  82.5613  -12.1462  
47.3322  81.9736  -9.13786  
43.1966  83.7474  -6.16469  
39.3324  95.8724  5.38944  
69.6685  167.863  22.217  
43.4777  89.5118  1.07133  
23.7947  86.6508  31.8884  
32.4773  90.2949  10.3017  
59.401  122.346  -3.18764  
82.9091  147.367  -8.81282  
83.8677  151.74  -4.10745  
75.9295  148.126  -4.40121  
71.4863  148.789  1.02645  
78.1821  151.201  -1.48822  
73.9705  150.785  3.21839  
63.0947  153.885  15.2243  
85.6293  134.629  -31.1716  
84.6224  129.827  -34.5979  
34.5866  77.6296  -6.58332  
72.3007  109.022  -9.2698  
71.0445  129.358  -15.8378  
70.6004  125.91  -14.7748  
41.4716  119.073  4.71582  
85.0205  122.331  -33.0479  
48.2087  74.4111  -19.0602  
39.8644  74.9677  -13.4977  
29.704  55.1492  4.34363  
76.4934  81.4948  -23.7096  
67.9752  85.3007  -10.0512  
58.5964  148.84  14.7173  
34.1009  131.6  70.077  
75.8574  132.543  -12.7708  
80.7939  134.471  -12.2969  
65.3635  149.874  13.5566  
67.0864  150.285  11.5623  
36.7978  70.674  -12.0695  
70.9941  130.736  -11.5754  
59.9414  76.0926  -22.7286  
58.7817  71.6657  -25.7159  
53.0782  46.5484  -24.0945  
33.3925  63.2174  -5.3544  
56.8131  59.5243  -25.5176  
31.3294  73.9776  -2.43443  
28.5286  68.7489  7.78447  
83.2083  149.763  -7.16127  
76.9743  149.746  -3.09842  
72.6188  149.805  1.68605  
77.2745  133.34  -10.9848  
66.2328  150.098  12.4678  
68.9478  152.533  9.65575  
67.9288  150.471  11.4163  
78.7241  132.44  -22.1649  
75.0233  151.482  5.02099  
79.2757  152.143  2.13962  
84.5887  152.951  -0.0807973  
82.8972  165.545  10.9282  
82.9142  163.453  3.16776  
83.1955  160.641  1.20429  
83.8498  157.536  1.43802  
84.7166  154.978  0.710256  
75.107  152.797  5.6229  
73.6439  153.812  5.83776  
72.06  155.189  5.77075  
70.8686  156.579  7.53711  
65.0696  142.307  1.26538  
26.9592  104.694  67.9783  
91.0167  137.092  -18.5464  
71.911  151.758  8.96738  
70.3903  152.126  9.19211  
82.8718  136.52  -11.5113  
72.995  133.223  -5.89871  
81.8718  135.537  -12.1481  
66.0103  111.27  -5.68596  
55.6536  114.368  -2.43082  
69.7712  127.466  -10.4444  
38.1665  49.7237  -10.973  
42.2366  59.828  -16.1855  
45.9971  69.7396  -19.8783  
68.2236  158.339  13.522  
74.3874  74.3922  -28.6198  
72.8478  60.2912  -30.6894  
70.5519  45.2074  -31.6247  
47.0667  95.603  -0.973202  
33.0667  98.9911  10.1502  
73.1945  95.3279  -5.49332  
37.6997  84.8861  -0.764048  
76.5914  106.413  -12.6711  
74.5516  128.91  -22.8192  
27.4966  100.759  18.7529  
37.0853  104.3  5.98785  
44.9229  107.798  0.745399  
57.1309  107.631  -2.26118  
65.9292  105.715  -4.53669  
72.0684  103.876  -7.24054  
85.1563  101.292  -22.1391  
28.9383  112.457  21.3187  
33.1299  83.1466  1.6015  
87.6566  136.47  -27.3114  
72.7562  115.554  -9.92096  
23.7586  81.8878  52.5093  
76.7137  101.841  -9.39623  
69.3333  126.645  -4.10823  
41.1536  89.0278  2.36556  
74.2372  124.648  -21.5141  
29.8161  117.587  70.6817  
72.7561  93.3698  -4.86368  
79.3868  123.049  -28.6151  
45.7858  151.201  40.6474  
47.175  153.356  54.9775  
25.5623  108.933  44.3398  
38.2371  142.729  45.7649  
25.9716  76.7961  21.1787  
69.3953  170.532  28.3759  
88.3676  136.825  -18.1147  
67.2222  118.573  -6.07295  
27.8929  89.8531  16.6927  
52.9183  94.163  -3.99662  
58.5874  94.534  -5.54233  
67.6565  152.974  11.06  
31.0123  122.566  27.9213  
80.1147  176.306  33.3839  
63.6429  166.833  42.6143  
56.2818  161.275  47.9158  
91.5999  60.7401  -32.3728  
91.9025  177.982  31.7557  
63.8419  94.1128  -6.08673  
68.697  93.5461  -5.57919  
71.6139  93.4397  -4.68599  
29.2761  80.5488  7.38613  
67.1083  89.2994  -8.11247  
61.4056  87.4048  -9.28115  
55.5297  86.9258  -8.78022  
50.0036  87.391  -6.8448  
46.7023  88.363  -4.49076  
23.8449  71.0689  37.185  
48.9369  93.0611  -2.15776  
91.059  140.952  -10.707  
70.7431  140.546  -3.42106  
75.8107  132.159  -15.6554  
82.1479  140.727  -9.71958  
91.5331  91.0668  -23.0303  
53.9809  158.563  37.5214  
61.4889  164.311  33.5324  
79.2343  175.67  23.6817  
39.9983  143.905  63.5433  
70.9561  91.8952  -6.28703  
80.7728  110.626  -20.9575  
91.6693  177.339  22.3966  
71.2302  172.213  36.9711  
28.2464  120.372  48.2396  
79.4123  153.938  2.83728  
78.0298  155.78  3.27256  
76.8312  158.132  3.1721  
76.0847  160.639  4.99218  
74.6512  162.537  11.5544  
70.5305  150.444  7.51171  
69.1955  149.872  7.43399  
68.1262  149.245  7.12742  
60.9055  145.177  7.36186  
38.1523  128.503  16.0913  
80.9031  103.574  -17.073  
77.2531  90.1568  -10.7042  
73.4654  90.2028  -8.06464  
71.7905  150.993  8.59783  
39.1096  138.767  30.7049  
82.8456  91.2491  -18.5813  
71.771  164.961  17.2709  
91.1471  114.965  -31.5681  
85.2976  108.843  -26.5022  
91.2945  108.152  -28.2583  
76.1635  118.862  -17.8735  
91.5209  174.54  16.7965  
91.4626  170.211  14.0069  
81.2111  169.1  15.2471  
58.1812  154.305  20.1077  
64.0247  129.996  -1.0382  
64.281  159.981  19.2769  
49.9961  127.765  1.95623  
58.596  134.659  2.30014  
45.9571  134.62  10.2284  
79.5948  173.042  18.2737  
72.6823  120.667  -12.0971  
54.2983  155.893  27.9077  
61.8509  161.909  26.3993  
53.1191  148.006  18.0605  
33.5057  130.876  33.8464  
46.4166  146.501  24.4972  
31.9453  131.418  50.3185  
54.6481  140.263  7.98026  
76.7711  112.975  -15.0765  
76.7207  131.627  -23.766  
73.0871  131.447  -16.0632  
79.2268  129.305  -28.9774  
71.7355  84.5736  -14.0543  
60.9807  80.3642  -15.5384  
51.6066  79.1297  -14.5765  
44.2043  79.5238  -11.3138  
39.5372  81.3093  -6.91842  
37.5291  89.7347  5.23588  
23.9203  97.7574  38.4566  
42.6988  99.0727  2.89621  
49.3255  101.702  -0.498195  
57.9287  102.033  -3.0096  
65.7449  100.972  -4.86352  
71.4775  99.7008  -5.71849  
75.3608  98.5999  -6.78066  
25.1807  92.8471  62.0825  
73.3018  132.16  -12.5597  
80.5741  116.752  -23.9185  
81.091  133.168  -28.445  
84.3314  135.084  -24.9409  
81.1124  133.31  -25.1567  
74.9052  133.352  -9.84676  
85.6313  135.938  -26.4425  
86.2625  136.312  -18.3913  
74.9599  93.9689  -5.63053  
78.3672  96.0984  -8.93374  
80.32  98.1178  -12.6187  
44.7864  89.074  -2.04205  
40.8694  85.7964  -2.05029  
96.7251  115.445  -29.4036  
137.468  92.4204  -2.48529  
97.4875  135.533  -18.876  
159.998  63.3923  16.6592  
118.521  97.6944  -7.4241  
124.73  98.1348  -6.84654  
131.019  97.9074  -5.21002  
139.802  93.668  -0.785173  
113.446  96.6958  -6.83349  
129.469  82.1665  -13.2009  
122.017  83.0445  -13.3245  
136.09  82.812  -10.809  
140.215  84.6867  -7.99413  
144.609  96.7558  3.26908  
113.773  168.536  21.454  
140.073  90.4073  -0.890658  
161.731  87.7706  29.106  
151.733  91.3371  7.93427  
123.654  122.959  -4.40437  
98.9842  147.516  -9.07029  
98.1771  151.891  -4.32697  
106.233  148.451  -4.93717  
110.951  149.234  0.300083  
104.081  151.495  -1.93049  
108.558  151.229  2.62748  
120.143  154.562  14.2823  
96.1138  134.737  -31.3255  
97.0681  129.922  -34.7986  
148.813  78.8647  -8.71898  
110.983  109.344  -10.0477  
111.449  129.828  -16.56  
112.001  126.37  -15.5226  
142.046  119.964  2.70309  
96.9829  122.388  -33.309  
134.708  75.2337  -20.5936  
143.236  76.0294  -15.3722  
155.068  55.9229  1.28645  
106.371  81.7108  -24.2631  
115.57  85.6568  -11.0516  
124.525  149.566  13.5766  
152.165  132.809  66.9581  
106.69  132.914  -13.2291  
101.764  134.728  -12.5206  
117.74  150.504  12.6104  
115.989  150.909  10.7751  
146.466  71.8083  -14.0235  
111.652  131.268  -12.2793  
122.897  76.6201  -23.7944  
124.01  72.1905  -26.7811  
130.77  46.9827  -25.8901  
150.693  64.1415  -7.46791  
126.498  59.9955  -26.7074  
152.429  75.234  -4.70943  
156.248  69.8493  5.35124  
98.7277  149.95  -7.40375  
105.207  150.079  -3.59558  
109.851  150.238  1.02078  
105.29  133.706  -11.4049  
116.82  150.722  11.6206  
114.06  153.15  8.92755  
115.098  151.083  10.6344  
103.517  132.68  -22.6324  
107.624  151.889  4.48524  
103.121  152.443  1.72145  
97.62  153.082  -0.305286  
100.027  165.777  10.6721  
99.5692  163.656  2.93677  
99.2409  160.827  0.972268  
98.5711  157.732  1.20657  
97.7799  155.173  0.494385  
107.749  153.254  5.06983  
109.203  154.286  5.3013  
110.807  155.712  5.19413  
112.039  157.106  6.85972  
117.414  142.868  0.350918  
159.847  105.933  64.3306  
111.09  152.292  8.27895  
112.607  152.719  8.48813  
99.5994  136.806  -11.7728  
109.744  133.769  -6.46403  
100.651  135.824  -12.3803  
117.333  111.715  -6.75565  
127.717  114.992  -3.87936  
112.965  127.988  -11.2052  
146.089  50.3221  -13.4721  
141.344  60.5967  -17.92  
136.983  70.6232  -21.4902  
114.907  158.913  12.7211  
108.368  74.6544  -29.2057  
110.4  60.5036  -31.3164  
113.289  45.4066  -32.5413  
136.513  96.3836  -2.79097  
151.03  99.994  7.78265  
110.286  95.6977  -6.4059  
145.899  85.9377  -2.88828  
106.601  106.642  -13.3077  
107.657  129.263  -23.3718  
157.03  101.877  16.1039  
146.764  105.204  3.76864  
138.743  108.555  -1.15807  
126.458  108.164  -3.75685  
117.646  106.12  -5.68335  
111.444  104.185  -8.07563  
97.699  101.35  -22.4259  
155.461  113.628  18.694  
150.769  84.2745  -0.673512  
94.2238  136.527  -27.4203  
110.28  115.891  -10.6713  
162.851  82.8742  48.7169  
106.671  102.068  -10.0764  
113.627  127.18  -4.9252  
142.55  89.9764  0.340793  
108.164  124.98  -22.106  
156.863  118.838  67.2471  
110.691  93.7755  -5.79797  
102.759  123.238  -29.0506  
138.803  152.279  38.8876  
137.992  154.523  52.6737  
160.044  110.152  41.5733  
146.697  143.861  43.6733  
159.338  77.8718  18.5718  
114.332  171.304  27.5556  
93.7053  136.873  -18.175  
115.897  119.056  -7.02069  
156.716  90.9621  14.1314  
130.546  94.8684  -5.65715  
124.903  95.2044  -7.02705  
115.405  153.599  10.2673  
153.467  123.724  25.4513  
103.771  176.731  32.8729  
120.768  167.737  41.2415  
128.463  162.316  46.1162  
119.724  94.7346  -7.35189  
114.88  94.0341  -6.67576  
111.897  93.8612  -5.69203  
155.072  81.6987  4.9436  
116.483  89.7283  -9.18394  
122.282  87.9448  -10.5246  
128.096  87.6203  -10.2284  
133.585  88.2167  -8.48415  
136.829  89.2387  -6.26345  
162.431  71.965  33.4895  
134.529  93.8209  -3.9324  
111.766  141.023  -4.09852  
106.633  132.498  -16.1363  
100.124  140.977  -10.0051  
130.304  159.577  36.1199  
122.574  165.299  32.455  
104.157  176.101  23.2193  
145.697  145.071  60.8288  
112.525  92.3168  -7.29607  
101.96  110.78  -21.3922  
112.851  172.925  35.9579  
157.311  121.6  45.692  
103.25  154.265  2.46688  
104.607  156.136  2.86828  
105.819  158.504  2.70826  
106.618  161.022  4.46563  
108.394  162.95  10.9534  
112.281  150.989  6.84051  
113.562  150.401  6.66609  
114.651  149.783  6.29062  
121.832  145.829  6.29258  
145.587  129.511  14.0385  
102.121  103.732  -17.5265  
106.166  90.3611  -11.2622  
110.042  90.4819  -8.91951  
111.083  151.504  7.92251  
145.056  139.772  28.682  
100.32  91.3623  -18.9242  
111.489  165.518  16.5966  
97.2756  108.911  -26.7381  
106.502  119.166  -18.4447  
101.792  169.408  14.8964  
125.141  155.054  18.9403  
118.894  130.583  -1.98817  
119.077  160.664  18.3318  
133.108  128.556  0.426544  
124.266  135.329  1.15444  
137.363  135.507  8.53494  
103.476  173.423  17.8304  
110.201  121.029  -12.8114  
129.477  156.758  26.5811  
121.837  162.73  25.3715  
130.156  148.821  16.6951  
151.011  131.962  31.5544  
137.341  147.412  22.8672  
153.425  132.603  47.9044  
128.332  141.022  6.68554  
106.118  113.239  -15.6975  
105.465  131.923  -24.2784  
109.364  131.86  -16.6558  
102.707  129.514  -29.3462  
111.573  84.859  -14.806  
122.256  80.9049  -16.6614  
131.603  79.8538  -16.0699  
138.997  80.4444  -13.0919  
143.796  82.343  -8.91167  
146.344  90.7117  3.08514  
161.621  98.9445  35.5989  
141.083  99.8726  0.86597  
134.421  102.348  -2.26226  
125.766  102.544  -4.49334  
117.931  101.401  -6.05761  
112.161  100.039  -6.64725  
108.171  98.8636  -7.55953  
161.592  93.9593  58.3499  
109.246  132.611  -13.1404  
101.882  116.921  -24.3778  
100.825  133.351  -28.7709  
97.7306  135.226  -25.1099  
100.98  133.512  -25.474  
107.725  133.801  -10.3246  
96.3168  136.038  -26.5996  
95.8647  136.396  -18.5112  
108.44  94.3005  -6.42105  
105.048  96.3153  -9.53083  
102.973  98.281  -13.0979  
138.726  89.9613  -3.91121  
142.669  86.7775  -3.9825  
lm_2d, 468
1160  2357  
1159  2139  
1161  2177  
1092  1827  
1159  2061  
1161  1934  
1166  1591  
587  1450  
1167  1317  
1166  1196  
1173  715  
1160  2386  
1160  2413  
1161  2431  
1163  2465  
1163  2509  
1163  2559  
1164  2602  
1166  2632  
1160  2165  
1080  2144  
327  990  
831  1539  
751  1544  
671  1540  
559  1470  
895  1525  
689  1290  
785  1307  
603  1298  
551  1326  
501  1518  
888  2658  
554  1417  
303  1372  
414  1430  
757  1937  
1057  2334  
1070  2403  
968  2346  
912  2356  
997  2394  
943  2388  
805  2437  
1092  2132  
1079  2056  
441  1229  
922  1726  
906  2048  
900  1994  
529  1885  
1084  1937  
615  1178  
508  1187  
379  873  
976  1290  
867  1351  
747  2357  
435  2084  
967  2099  
1030  2129  
834  2373  
856  2380  
469  1119  
905  2070  
764  1205  
750  1135  
677  737  
426  1001  
724  942  
399  1171  
364  1088  
1061  2372  
982  2371  
926  2372  
986  2111  
845  2377  
879  2415  
866  2383  
1004  2097  
957  2399  
1011  2409  
1079  2422  
1057  2621  
1058  2588  
1061  2544  
1069  2495  
1081  2454  
958  2420  
939  2436  
919  2457  
904  2479  
830  2253  
344  1658  
1161  2171  
917  2403  
898  2409  
1057  2162  
931  2110  
1044  2146  
842  1762  
710  1811  
890  2018  
487  787  
538  947  
586  1104  
870  2507  
949  1178  
929  954  
900  716  
600  1514  
421  1567  
933  1509  
481  1344  
977  1685  
951  2041  
350  1595  
473  1651  
573  1707  
729  1704  
841  1674  
919  1645  
1086  1604  
369  1781  
422  1316  
1118  2161  
928  1830  
303  1296  
978  1613  
884  2005  
525  1410  
947  1974  
380  1862  
928  1478  
1013  1948  
584  2394  
601  2428  
326  1725  
487  2260  
331  1216  
885  2700  
1127  2167  
857  1878  
355  1423  
675  1491  
747  1497  
863  2422  
395  1941  
1022  2792  
812  2642  
718  2554  
1168  962  
1172  2818  
814  1490  
876  1481  
913  1479  
373  1275  
856  1414  
783  1384  
708  1376  
638  1384  
595  1399  
304  1125  
624  1473  
1161  2232  
902  2226  
967  2093  
1048  2228  
1168  1442  
688  2511  
784  2602  
1011  2782  
510  2279  
905  1455  
1030  1752  
1169  2808  
908  2727  
360  1906  
1013  2438  
995  2467  
980  2504  
970  2544  
952  2574  
899  2382  
882  2373  
869  2363  
777  2299  
486  2035  
1032  1640  
985  1427  
937  1428  
916  2391  
499  2197  
1057  1445  
915  2612  
1163  1820  
1088  1723  
1164  1712  
971  1882  
1167  2764  
1167  2695  
1036  2678  
742  2443  
816  2058  
820  2533  
637  2023  
747  2132  
586  2132  
1015  2740  
927  1911  
692  2469  
789  2564  
677  2344  
427  2072  
592  2320  
407  2081  
697  2221  
979  1789  
978  2084  
932  2081  
1010  2048  
915  1339  
778  1272  
658  1253  
564  1259  
504  1287  
478  1421  
305  1548  
544  1569  
629  1610  
739  1616  
838  1599  
912  1579  
961  1561  
321  1470  
935  2093  
1028  1849  
1034  2109  
1076  2139  
1035  2111  
955  2112  
1092  2153  
1100  2158  
956  1488  
999  1522  
1024  1554  
571  1410  
521  1358  
1234  1828  
1754  1463  
1243  2146  
2041  1004  
1512  1547  
1591  1554  
1671  1550  
1783  1483  
1447  1531  
1652  1301  
1556  1315  
1736  1311  
1789  1341  
1845  1532  
1451  2669  
1787  1431  
2063  1390  
1936  1446  
1577  1947  
1263  2336  
1252  2405  
1355  2351  
1415  2363  
1328  2399  
1385  2395  
1533  2448  
1226  2134  
1238  2057  
1898  1249  
1416  1731  
1422  2056  
1429  2001  
1812  1900  
1237  1938  
1718  1191  
1827  1204  
1978  885  
1357  1294  
1474  1356  
1588  2368  
1941  2103  
1361  2105  
1298  2133  
1502  2383  
1480  2390  
1868  1137  
1424  2079  
1568  1213  
1582  1143  
1668  744  
1922  1015  
1614  950  
1945  1191  
1993  1106  
1259  2374  
1342  2377  
1401  2379  
1343  2117  
1490  2387  
1455  2425  
1468  2392  
1320  2101  
1373  2405  
1315  2414  
1245  2424  
1276  2625  
1270  2592  
1266  2547  
1257  2498  
1247  2457  
1374  2427  
1393  2443  
1413  2466  
1429  2488  
1498  2262  
2039  1677  
1417  2412  
1436  2418  
1270  2166  
1400  2118  
1284  2151  
1497  1769  
1629  1821  
1441  2027  
1864  797  
1803  959  
1747  1118  
1466  2516  
1382  1182  
1408  958  
1445  719  
1741  1526  
1927  1583  
1407  1515  
1861  1361  
1360  1689  
1373  2047  
2003  1613  
1872  1666  
1770  1719  
1613  1713  
1501  1680  
1422  1650  
1246  1605  
1983  1799  
1923  1334  
1202  2162  
1407  1835  
2078  1312  
1361  1616  
1449  2014  
1819  1425  
1380  1979  
2001  1882  
1412  1485  
1311  1951  
1771  2411  
1760  2447  
2042  1744  
1871  2278  
2033  1233  
1458  2713  
1195  2167  
1478  1885  
1999  1440  
1665  1502  
1593  1507  
1472  2432  
1958  1959  
1324  2799  
1541  2656  
1639  2570  
1527  1500  
1465  1489  
1427  1486  
1978  1293  
1486  1421  
1560  1392  
1634  1387  
1704  1397  
1745  1413  
2072  1139  
1716  1485  
1426  2233  
1360  2098  
1277  2232  
1662  2527  
1564  2618  
1329  2789  
1859  2297  
1435  1462  
1301  1754  
1440  2738  
2007  1925  
1317  2443  
1334  2472  
1350  2510  
1360  2550  
1383  2580  
1432  2391  
1449  2382  
1463  2372  
1554  2309  
1857  2051  
1303  1642  
1354  1431  
1404  1433  
1417  2399  
1850  2213  
1280  1447  
1422  2621  
1241  1724  
1359  1887  
1298  2683  
1596  2455  
1517  2068  
1519  2544  
1698  2036  
1585  2143  
1752  2146  
1320  2746  
1406  1916  
1652  2482  
1554  2577  
1660  2357  
1926  2090  
1752  2334  
1957  2100  
1637  2233  
1354  1793  
1345  2089  
1395  2088  
1310  2051  
1423  1344  
1560  1281  
1679  1264  
1773  1274  
1834  1304  
1867  1436  
2062  1567  
1800  1581  
1715  1621  
1604  1624  
1504  1606  
1431  1584  
1380  1565  
2061  1488  
1394  2100  
1300  1851  
1286  2112  
1247  2141  
1288  2114  
1374  2119  
1229  2154  
1223  2160  
1383  1493  
1340  1525  
1313  1556  
1770  1424  
1820  1374  
leftEyeRefinePts, 71
535  1536  
567  1552  
606  1566  
660  1578  
736  1585  
803  1580  
863  1571  
899  1569  
915  1571  
556  1545  
586  1554  
632  1564  
700  1571  
768  1570  
841  1565  
890  1566  
502  1517  
534  1565  
577  1595  
651  1617  
733  1627  
815  1623  
880  1607  
919  1592  
944  1571  
506  1462  
544  1429  
597  1405  
680  1402  
770  1417  
851  1454  
923  1519  
460  1511  
483  1587  
524  1629  
609  1659  
716  1675  
818  1667  
895  1649  
945  1630  
984  1590  
466  1437  
495  1378  
560  1347  
655  1343  
770  1364  
904  1426  
972  1505  
400  1508  
410  1401  
432  1313  
504  1270  
612  1260  
763  1281  
346  1504  
409  1616  
458  1680  
554  1722  
703  1735  
817  1720  
901  1696  
963  1664  
1009  1609  
363  1362  
392  1254  
464  1199  
585  1177  
751  1201  
948  1239  
971  1361  
1045  1507  
rightEyeRefinePts, 71
1819  1536  
1787  1550  
1748  1563  
1692  1574  
1615  1578  
1545  1572  
1482  1561  
1444  1558  
1425  1558  
1794  1542  
1760  1549  
1709  1557  
1634  1564  
1562  1562  
1491  1553  
1446  1552  
1850  1515  
1818  1564  
1773  1593  
1696  1612  
1614  1620  
1531  1614  
1463  1596  
1423  1579  
1394  1556  
1841  1458  
1801  1421  
1742  1394  
1655  1389  
1561  1405  
1482  1441  
1412  1504  
1890  1510  
1869  1586  
1828  1628  
1741  1658  
1630  1670  
1525  1660  
1446  1639  
1392  1617  
1350  1577  
1878  1436  
1846  1377  
1778  1343  
1680  1335  
1560  1353  
1425  1411  
1360  1490  
1950  1506  
1933  1404  
1903  1321  
1826  1276  
1715  1260  
1563  1274  
2012  1501  
1948  1616  
1899  1683  
1800  1725  
1643  1734  
1524  1715  
1437  1688  
1372  1654  
1322  1597  
1983  1366  
1944  1266  
1865  1210  
1739  1182  
1573  1196  
1372  1222  
1351  1343  
1281  1492  
lipRefinePts, 80
859  2405  
888  2438  
925  2478  
984  2526  
1061  2561  
1154  2573  
1251  2563  
1334  2527  
1397  2477  
1439  2435  
1470  2402  
894  2399  
932  2393  
980  2384  
1052  2372  
1142  2396  
1237  2372  
1322  2385  
1381  2393  
1428  2397  
886  2411  
934  2417  
971  2422  
1020  2431  
1079  2442  
1150  2451  
1227  2442  
1293  2430  
1348  2420  
1391  2414  
1441  2408  
934  2418  
970  2423  
1018  2431  
1077  2441  
1149  2449  
1226  2440  
1292  2430  
1349  2421  
1390  2415  
868  2408  
902  2431  
938  2457  
991  2490  
1062  2521  
1152  2533  
1246  2522  
1323  2490  
1383  2456  
1424  2428  
1460  2405  
905  2406  
944  2404  
992  2403  
1058  2404  
1144  2417  
1235  2404  
1312  2403  
1370  2403  
1417  2403  
877  2410  
917  2424  
955  2438  
1004  2458  
1069  2479  
1151  2489  
1237  2479  
1309  2457  
1366  2436  
1407  2421  
1451  2406  
919  2412  
958  2415  
1006  2419  
1068  2427  
1146  2436  
1230  2427  
1302  2419  
1358  2413  
1403  2409  
pose, 1 line
8.55245  -0.184232  0.503496  
